Experiment 1fkb_ligand -2.626441 100 10 6 144 10000 100 0 100
Experiment 1fkb_ligand 3724.268555 100 1 6 144 10000 100 0 100
Experiment 1fkb_ligand -2.542446 100 2 6 144 10000 100 0 100
Experiment 1fkb_ligand -2.428392 100 3 6 144 10000 100 0 100
Experiment 1fkb_ligand -6.131316 100 4 6 144 10000 100 0 100
Experiment 1fkb_ligand 3468.010742 100 5 6 144 10000 100 0 100
Experiment 1fkb_ligand 8313.449219 100 6 6 144 10000 100 0 100
Experiment 1fkb_ligand 0.639648 100 7 6 144 10000 100 0 100
Experiment 1fkb_ligand 3681.492432 100 8 6 144 10000 100 0 100
Experiment 1fkb_ligand 2.694906 100 9 6 144 10000 100 0 100
Experiment 1fkb_ligand -2.626441 100 10 6 144 10000 100 0 150
Experiment 1fkb_ligand 3724.268555 100 1 6 144 10000 100 0 150
Experiment 1fkb_ligand -2.542446 100 2 6 144 10000 100 0 150
Experiment 1fkb_ligand -2.428392 100 3 6 144 10000 100 0 150
Experiment 1fkb_ligand -6.131316 100 4 6 144 10000 100 0 150
Experiment 1fkb_ligand 3468.010742 100 5 6 144 10000 100 0 150
Experiment 1fkb_ligand 8313.449219 100 6 6 144 10000 100 0 150
Experiment 1fkb_ligand 0.639648 100 7 6 144 10000 100 0 150
Experiment 1fkb_ligand 3681.492432 100 8 6 144 10000 100 0 150
Experiment 1fkb_ligand 2.694906 100 9 6 144 10000 100 0 150
Experiment 1fkb_ligand -2.626441 100 10 6 144 10000 100 0 200
Experiment 1fkb_ligand 3724.268555 100 1 6 144 10000 100 0 200
Experiment 1fkb_ligand -2.542446 100 2 6 144 10000 100 0 200
Experiment 1fkb_ligand -2.428392 100 3 6 144 10000 100 0 200
Experiment 1fkb_ligand -6.131316 100 4 6 144 10000 100 0 200
Experiment 1fkb_ligand 3468.010742 100 5 6 144 10000 100 0 200
Experiment 1fkb_ligand 8313.449219 100 6 6 144 10000 100 0 200
Experiment 1fkb_ligand 0.639648 100 7 6 144 10000 100 0 200
Experiment 1fkb_ligand 3681.492432 100 8 6 144 10000 100 0 200
Experiment 1fkb_ligand 2.694906 100 9 6 144 10000 100 0 200
Experiment 1fkb_ligand -2.626441 100 10 6 144 10000 100 0 250
Experiment 1fkb_ligand 3724.268555 100 1 6 144 10000 100 0 250
Experiment 1fkb_ligand -2.542446 100 2 6 144 10000 100 0 250
Experiment 1fkb_ligand -2.428392 100 3 6 144 10000 100 0 250
Experiment 1fkb_ligand -6.131316 100 4 6 144 10000 100 0 250
Experiment 1fkb_ligand 3468.010742 100 5 6 144 10000 100 0 250
Experiment 1fkb_ligand 8313.449219 100 6 6 144 10000 100 0 250
Experiment 1fkb_ligand 0.639648 100 7 6 144 10000 100 0 250
Experiment 1fkb_ligand 3681.492432 100 8 6 144 10000 100 0 250
Experiment 1fkb_ligand 2.694906 100 9 6 144 10000 100 0 250
Experiment 1fkb_ligand -2.626441 100 10 6 144 10000 100 0 300
Experiment 1fkb_ligand 3724.268555 100 1 6 144 10000 100 0 300
Experiment 1fkb_ligand -2.542446 100 2 6 144 10000 100 0 300
Experiment 1fkb_ligand -2.428392 100 3 6 144 10000 100 0 300
Experiment 1fkb_ligand -6.131316 100 4 6 144 10000 100 0 300
Experiment 1fkb_ligand 3468.010742 100 5 6 144 10000 100 0 300
Experiment 1fkb_ligand 8313.449219 100 6 6 144 10000 100 0 300
Experiment 1fkb_ligand 0.639648 100 7 6 144 10000 100 0 300
Experiment 1fkb_ligand 3681.492432 100 8 6 144 10000 100 0 300
Experiment 1fkb_ligand 2.694906 100 9 6 144 10000 100 0 300
Experiment 1fkb_ligand -2.626441 100 10 6 144 10000 100 0 50
Experiment 1fkb_ligand 3724.268555 100 1 6 144 10000 100 0 50
Experiment 1fkb_ligand -2.542446 100 2 6 144 10000 100 0 50
Experiment 1fkb_ligand -2.428392 100 3 6 144 10000 100 0 50
Experiment 1fkb_ligand -6.131316 100 4 6 144 10000 100 0 50
Experiment 1fkb_ligand 3468.010742 100 5 6 144 10000 100 0 50
Experiment 1fkb_ligand 8313.449219 100 6 6 144 10000 100 0 50
Experiment 1fkb_ligand 0.639648 100 7 6 144 10000 100 0 50
Experiment 1fkb_ligand 3681.492432 100 8 6 144 10000 100 0 50
Experiment 1fkb_ligand 2.694906 100 9 6 144 10000 100 0 50
Experiment 1fkb_ligand -2.860572 100 10 6 144 1010000 100 100 100
Experiment 1fkb_ligand -0.938698 100 1 6 144 1010000 100 100 100
Experiment 1fkb_ligand -4.234610 100 2 6 144 1010000 100 100 100
Experiment 1fkb_ligand 0.150566 100 3 6 144 1010000 100 100 100
Experiment 1fkb_ligand -4.464903 100 4 6 144 1010000 100 100 100
Experiment 1fkb_ligand 1725.608032 100 5 6 144 1010000 100 100 100
Experiment 1fkb_ligand -5.445171 100 6 6 144 1010000 100 100 100
Experiment 1fkb_ligand -3.619019 100 7 6 144 1010000 100 100 100
Experiment 1fkb_ligand -5.880196 100 8 6 144 1010000 100 100 100
Experiment 1fkb_ligand -3.561897 100 9 6 144 1010000 100 100 100
Experiment 1fkb_ligand 7601.529297 100 10 6 144 1510000 100 100 150
Experiment 1fkb_ligand -2.953276 100 1 6 144 1510000 100 100 150
Experiment 1fkb_ligand -6.069084 100 2 6 144 1510000 100 100 150
Experiment 1fkb_ligand -5.009169 100 3 6 144 1510000 100 100 150
Experiment 1fkb_ligand -6.283581 100 4 6 144 1510000 100 100 150
Experiment 1fkb_ligand 1623.087524 100 5 6 144 1510000 100 100 150
Experiment 1fkb_ligand -5.660881 100 6 6 144 1510000 100 100 150
Experiment 1fkb_ligand -4.425181 100 7 6 144 1510000 100 100 150
Experiment 1fkb_ligand -7.129266 100 8 6 144 1510000 100 100 150
Experiment 1fkb_ligand -12.344265 100 9 6 144 1510000 100 100 150
Experiment 1fkb_ligand -2.452415 100 10 6 144 2010000 100 100 200
Experiment 1fkb_ligand -2.507129 100 1 6 144 2010000 100 100 200
Experiment 1fkb_ligand -5.075411 100 2 6 144 2010000 100 100 200
Experiment 1fkb_ligand -5.720385 100 3 6 144 2010000 100 100 200
Experiment 1fkb_ligand -5.221217 100 4 6 144 2010000 100 100 200
Experiment 1fkb_ligand -3.034484 100 5 6 144 2010000 100 100 200
Experiment 1fkb_ligand -5.431777 100 6 6 144 2010000 100 100 200
Experiment 1fkb_ligand -2.368355 100 7 6 144 2010000 100 100 200
Experiment 1fkb_ligand -2.878913 100 8 6 144 2010000 100 100 200
Experiment 1fkb_ligand -12.646191 100 9 6 144 2010000 100 100 200
Experiment 1fkb_ligand -1.991789 100 10 6 144 2510000 100 100 250
Experiment 1fkb_ligand -5.488288 100 1 6 144 2510000 100 100 250
Experiment 1fkb_ligand -6.004572 100 2 6 144 2510000 100 100 250
Experiment 1fkb_ligand -5.202661 100 3 6 144 2510000 100 100 250
Experiment 1fkb_ligand -4.648644 100 4 6 144 2510000 100 100 250
Experiment 1fkb_ligand -3.052366 100 5 6 144 2510000 100 100 250
Experiment 1fkb_ligand -4.863075 100 6 6 144 2510000 100 100 250
Experiment 1fkb_ligand -3.619940 100 7 6 144 2510000 100 100 250
Experiment 1fkb_ligand -6.054378 100 8 6 144 2510000 100 100 250
Experiment 1fkb_ligand -12.495749 100 9 6 144 2510000 100 100 250
Experiment 1fkb_ligand -5.384473 100 10 6 144 3010000 100 100 300
Experiment 1fkb_ligand -4.506964 100 1 6 144 3010000 100 100 300
Experiment 1fkb_ligand -6.058724 100 2 6 144 3010000 100 100 300
Experiment 1fkb_ligand -4.298187 100 3 6 144 3010000 100 100 300
Experiment 1fkb_ligand -4.507270 100 4 6 144 3010000 100 100 300
Experiment 1fkb_ligand -3.095584 100 5 6 144 3010000 100 100 300
Experiment 1fkb_ligand -4.812937 100 6 6 144 3010000 100 100 300
Experiment 1fkb_ligand -4.235721 100 7 6 144 3010000 100 100 300
Experiment 1fkb_ligand -4.032652 100 8 6 144 3010000 100 100 300
Experiment 1fkb_ligand -12.672791 100 9 6 144 3010000 100 100 300
Experiment 1fkb_ligand -2.123495 100 10 6 144 510000 100 100 50
Experiment 1fkb_ligand -1.651197 100 1 6 144 510000 100 100 50
Experiment 1fkb_ligand -4.577627 100 2 6 144 510000 100 100 50
Experiment 1fkb_ligand -2.876284 100 3 6 144 510000 100 100 50
Experiment 1fkb_ligand -2.651563 100 4 6 144 510000 100 100 50
Experiment 1fkb_ligand 1692.974854 100 5 6 144 510000 100 100 50
Experiment 1fkb_ligand -5.094655 100 6 6 144 510000 100 100 50
Experiment 1fkb_ligand -3.590321 100 7 6 144 510000 100 100 50
Experiment 1fkb_ligand -7.126287 100 8 6 144 510000 100 100 50
Experiment 1fkb_ligand -4.980770 100 9 6 144 510000 100 100 50
Experiment 1fkb_ligand -2.089390 100 10 6 144 260000 100 25 100
Experiment 1fkb_ligand -4.332416 100 1 6 144 260000 100 25 100
Experiment 1fkb_ligand -5.991832 100 2 6 144 260000 100 25 100
Experiment 1fkb_ligand 33298.875000 100 3 6 144 260000 100 25 100
Experiment 1fkb_ligand -1.006266 100 4 6 144 260000 100 25 100
Experiment 1fkb_ligand 5.634130 100 5 6 144 260000 100 25 100
Experiment 1fkb_ligand 1962.950073 100 6 6 144 260000 100 25 100
Experiment 1fkb_ligand -2.096084 100 7 6 144 260000 100 25 100
Experiment 1fkb_ligand 1668.889404 100 8 6 144 260000 100 25 100
Experiment 1fkb_ligand -5.103795 100 9 6 144 260000 100 25 100
Experiment 1fkb_ligand -1.919451 100 10 6 144 380000 100 25 150
Experiment 1fkb_ligand -5.400979 100 1 6 144 380000 100 25 150
Experiment 1fkb_ligand -6.041238 100 2 6 144 380000 100 25 150
Experiment 1fkb_ligand 32548.587891 100 3 6 144 380000 100 25 150
Experiment 1fkb_ligand -3.799558 100 4 6 144 380000 100 25 150
Experiment 1fkb_ligand -4.783072 100 5 6 144 380000 100 25 150
Experiment 1fkb_ligand -3.093958 100 6 6 144 380000 100 25 150
Experiment 1fkb_ligand -3.044978 100 7 6 144 380000 100 25 150
Experiment 1fkb_ligand 1631.343628 100 8 6 144 380000 100 25 150
Experiment 1fkb_ligand -8.281351 100 9 6 144 380000 100 25 150
Experiment 1fkb_ligand -2.107769 100 10 6 144 510000 100 25 200
Experiment 1fkb_ligand -5.060952 100 1 6 144 510000 100 25 200
Experiment 1fkb_ligand -4.206882 100 2 6 144 510000 100 25 200
Experiment 1fkb_ligand 32482.250000 100 3 6 144 510000 100 25 200
Experiment 1fkb_ligand -5.063433 100 4 6 144 510000 100 25 200
Experiment 1fkb_ligand -6.825881 100 5 6 144 510000 100 25 200
Experiment 1fkb_ligand -3.500515 100 6 6 144 510000 100 25 200
Experiment 1fkb_ligand -0.390067 100 7 6 144 510000 100 25 200
Experiment 1fkb_ligand -1.948158 100 8 6 144 510000 100 25 200
Experiment 1fkb_ligand -8.640456 100 9 6 144 510000 100 25 200
Experiment 1fkb_ligand -2.175713 100 10 6 144 630000 100 25 250
Experiment 1fkb_ligand -5.401525 100 1 6 144 630000 100 25 250
Experiment 1fkb_ligand -4.723925 100 2 6 144 630000 100 25 250
Experiment 1fkb_ligand 32496.787109 100 3 6 144 630000 100 25 250
Experiment 1fkb_ligand -7.228594 100 4 6 144 630000 100 25 250
Experiment 1fkb_ligand -5.693630 100 5 6 144 630000 100 25 250
Experiment 1fkb_ligand -4.812284 100 6 6 144 630000 100 25 250
Experiment 1fkb_ligand -2.226730 100 7 6 144 630000 100 25 250
Experiment 1fkb_ligand -1.890188 100 8 6 144 630000 100 25 250
Experiment 1fkb_ligand -5.103080 100 9 6 144 630000 100 25 250
Experiment 1fkb_ligand -2.158845 100 10 6 144 760000 100 25 300
Experiment 1fkb_ligand -5.301270 100 1 6 144 760000 100 25 300
Experiment 1fkb_ligand -4.808343 100 2 6 144 760000 100 25 300
Experiment 1fkb_ligand 32833.078125 100 3 6 144 760000 100 25 300
Experiment 1fkb_ligand -7.587843 100 4 6 144 760000 100 25 300
Experiment 1fkb_ligand -6.019730 100 5 6 144 760000 100 25 300
Experiment 1fkb_ligand -3.183926 100 6 6 144 760000 100 25 300
Experiment 1fkb_ligand -2.826827 100 7 6 144 760000 100 25 300
Experiment 1fkb_ligand -3.059003 100 8 6 144 760000 100 25 300
Experiment 1fkb_ligand -5.338888 100 9 6 144 760000 100 25 300
Experiment 1fkb_ligand -2.640692 100 10 6 144 130000 100 25 50
Experiment 1fkb_ligand -3.114822 100 1 6 144 130000 100 25 50
Experiment 1fkb_ligand -4.472606 100 2 6 144 130000 100 25 50
Experiment 1fkb_ligand 33657.585938 100 3 6 144 130000 100 25 50
Experiment 1fkb_ligand -2.373016 100 4 6 144 130000 100 25 50
Experiment 1fkb_ligand -0.710312 100 5 6 144 130000 100 25 50
Experiment 1fkb_ligand 56.592381 100 6 6 144 130000 100 25 50
Experiment 1fkb_ligand -1.958537 100 7 6 144 130000 100 25 50
Experiment 1fkb_ligand -4.546949 100 8 6 144 130000 100 25 50
Experiment 1fkb_ligand -3.835718 100 9 6 144 130000 100 25 50
Experiment 1fkb_ligand -2.093661 100 10 6 144 510000 100 50 100
Experiment 1fkb_ligand -2.551359 100 1 6 144 510000 100 50 100
Experiment 1fkb_ligand -6.064517 100 2 6 144 510000 100 50 100
Experiment 1fkb_ligand 0.475163 100 3 6 144 510000 100 50 100
Experiment 1fkb_ligand -6.584874 100 4 6 144 510000 100 50 100
Experiment 1fkb_ligand -3.600849 100 5 6 144 510000 100 50 100
Experiment 1fkb_ligand -4.616642 100 6 6 144 510000 100 50 100
Experiment 1fkb_ligand -3.696397 100 7 6 144 510000 100 50 100
Experiment 1fkb_ligand 1645.474243 100 8 6 144 510000 100 50 100
Experiment 1fkb_ligand -4.279980 100 9 6 144 510000 100 50 100
Experiment 1fkb_ligand -3.490097 100 10 6 144 760000 100 50 150
Experiment 1fkb_ligand -2.360223 100 1 6 144 760000 100 50 150
Experiment 1fkb_ligand -6.419568 100 2 6 144 760000 100 50 150
Experiment 1fkb_ligand -2.905629 100 3 6 144 760000 100 50 150
Experiment 1fkb_ligand -6.573314 100 4 6 144 760000 100 50 150
Experiment 1fkb_ligand -0.999045 100 5 6 144 760000 100 50 150
Experiment 1fkb_ligand -5.431460 100 6 6 144 760000 100 50 150
Experiment 1fkb_ligand -3.930920 100 7 6 144 760000 100 50 150
Experiment 1fkb_ligand -2.317227 100 8 6 144 760000 100 50 150
Experiment 1fkb_ligand -5.480357 100 9 6 144 760000 100 50 150
Experiment 1fkb_ligand -2.171662 100 10 6 144 1010000 100 50 200
Experiment 1fkb_ligand -1.486068 100 1 6 144 1010000 100 50 200
Experiment 1fkb_ligand -4.247935 100 2 6 144 1010000 100 50 200
Experiment 1fkb_ligand 5.305814 100 3 6 144 1010000 100 50 200
Experiment 1fkb_ligand -4.580513 100 4 6 144 1010000 100 50 200
Experiment 1fkb_ligand -7.134421 100 5 6 144 1010000 100 50 200
Experiment 1fkb_ligand -5.475393 100 6 6 144 1010000 100 50 200
Experiment 1fkb_ligand -3.256354 100 7 6 144 1010000 100 50 200
Experiment 1fkb_ligand -1.621919 100 8 6 144 1010000 100 50 200
Experiment 1fkb_ligand -5.763475 100 9 6 144 1010000 100 50 200
Experiment 1fkb_ligand -2.172941 100 10 6 144 1260000 100 50 250
Experiment 1fkb_ligand -4.457754 100 1 6 144 1260000 100 50 250
Experiment 1fkb_ligand -3.248441 100 2 6 144 1260000 100 50 250
Experiment 1fkb_ligand -4.360340 100 3 6 144 1260000 100 50 250
Experiment 1fkb_ligand -6.232466 100 4 6 144 1260000 100 50 250
Experiment 1fkb_ligand -3.846268 100 5 6 144 1260000 100 50 250
Experiment 1fkb_ligand -4.852966 100 6 6 144 1260000 100 50 250
Experiment 1fkb_ligand -3.089080 100 7 6 144 1260000 100 50 250
Experiment 1fkb_ligand -3.999964 100 8 6 144 1260000 100 50 250
Experiment 1fkb_ligand -4.943444 100 9 6 144 1260000 100 50 250
Experiment 1fkb_ligand -2.180041 100 10 6 144 1510000 100 50 300
Experiment 1fkb_ligand -3.959270 100 1 6 144 1510000 100 50 300
Experiment 1fkb_ligand -6.109627 100 2 6 144 1510000 100 50 300
Experiment 1fkb_ligand 66.072838 100 3 6 144 1510000 100 50 300
Experiment 1fkb_ligand -6.434076 100 4 6 144 1510000 100 50 300
Experiment 1fkb_ligand -4.111156 100 5 6 144 1510000 100 50 300
Experiment 1fkb_ligand -4.842463 100 6 6 144 1510000 100 50 300
Experiment 1fkb_ligand -2.644306 100 7 6 144 1510000 100 50 300
Experiment 1fkb_ligand -0.528984 100 8 6 144 1510000 100 50 300
Experiment 1fkb_ligand -8.766105 100 9 6 144 1510000 100 50 300
Experiment 1fkb_ligand -2.104320 100 10 6 144 260000 100 50 50
Experiment 1fkb_ligand -2.340883 100 1 6 144 260000 100 50 50
Experiment 1fkb_ligand -6.381256 100 2 6 144 260000 100 50 50
Experiment 1fkb_ligand 4.954155 100 3 6 144 260000 100 50 50
Experiment 1fkb_ligand -5.983737 100 4 6 144 260000 100 50 50
Experiment 1fkb_ligand -1.668962 100 5 6 144 260000 100 50 50
Experiment 1fkb_ligand -4.622862 100 6 6 144 260000 100 50 50
Experiment 1fkb_ligand 1672.529785 100 7 6 144 260000 100 50 50
Experiment 1fkb_ligand 1662.727539 100 8 6 144 260000 100 50 50
Experiment 1fkb_ligand -4.676034 100 9 6 144 260000 100 50 50
Experiment 1fkb_ligand 15164.177734 100 10 6 144 760000 100 75 100
Experiment 1fkb_ligand -2.594343 100 1 6 144 760000 100 75 100
Experiment 1fkb_ligand -6.101616 100 2 6 144 760000 100 75 100
Experiment 1fkb_ligand -3.126448 100 3 6 144 760000 100 75 100
Experiment 1fkb_ligand -5.271940 100 4 6 144 760000 100 75 100
Experiment 1fkb_ligand 1619.916382 100 5 6 144 760000 100 75 100
Experiment 1fkb_ligand -4.462699 100 6 6 144 760000 100 75 100
Experiment 1fkb_ligand -3.657103 100 7 6 144 760000 100 75 100
Experiment 1fkb_ligand 1675.428955 100 8 6 144 760000 100 75 100
Experiment 1fkb_ligand -12.349006 100 9 6 144 760000 100 75 100
Experiment 1fkb_ligand 7383.540039 100 10 6 144 1130000 100 75 150
Experiment 1fkb_ligand -2.373243 100 1 6 144 1130000 100 75 150
Experiment 1fkb_ligand -6.097523 100 2 6 144 1130000 100 75 150
Experiment 1fkb_ligand -6.125637 100 3 6 144 1130000 100 75 150
Experiment 1fkb_ligand -5.676515 100 4 6 144 1130000 100 75 150
Experiment 1fkb_ligand 1632.926270 100 5 6 144 1130000 100 75 150
Experiment 1fkb_ligand -5.683199 100 6 6 144 1130000 100 75 150
Experiment 1fkb_ligand -4.479237 100 7 6 144 1130000 100 75 150
Experiment 1fkb_ligand -4.564972 100 8 6 144 1130000 100 75 150
Experiment 1fkb_ligand -12.314566 100 9 6 144 1130000 100 75 150
Experiment 1fkb_ligand -2.424381 100 10 6 144 1510000 100 75 200
Experiment 1fkb_ligand -5.660226 100 1 6 144 1510000 100 75 200
Experiment 1fkb_ligand -5.409492 100 2 6 144 1510000 100 75 200
Experiment 1fkb_ligand -6.327874 100 3 6 144 1510000 100 75 200
Experiment 1fkb_ligand -3.669174 100 4 6 144 1510000 100 75 200
Experiment 1fkb_ligand 1611.863281 100 5 6 144 1510000 100 75 200
Experiment 1fkb_ligand -5.463203 100 6 6 144 1510000 100 75 200
Experiment 1fkb_ligand -2.459127 100 7 6 144 1510000 100 75 200
Experiment 1fkb_ligand -4.586400 100 8 6 144 1510000 100 75 200
Experiment 1fkb_ligand -12.293846 100 9 6 144 1510000 100 75 200
Experiment 1fkb_ligand -3.359246 100 10 6 144 1880000 100 75 250
Experiment 1fkb_ligand -4.684407 100 1 6 144 1880000 100 75 250
Experiment 1fkb_ligand -5.104981 100 2 6 144 1880000 100 75 250
Experiment 1fkb_ligand -4.313697 100 3 6 144 1880000 100 75 250
Experiment 1fkb_ligand -6.579765 100 4 6 144 1880000 100 75 250
Experiment 1fkb_ligand 938.068481 100 5 6 144 1880000 100 75 250
Experiment 1fkb_ligand -4.886519 100 6 6 144 1880000 100 75 250
Experiment 1fkb_ligand -3.695177 100 7 6 144 1880000 100 75 250
Experiment 1fkb_ligand -4.584274 100 8 6 144 1880000 100 75 250
Experiment 1fkb_ligand -12.740122 100 9 6 144 1880000 100 75 250
Experiment 1fkb_ligand -5.412627 100 10 6 144 2260000 100 75 300
Experiment 1fkb_ligand -3.951831 100 1 6 144 2260000 100 75 300
Experiment 1fkb_ligand -6.100297 100 2 6 144 2260000 100 75 300
Experiment 1fkb_ligand 65.172836 100 3 6 144 2260000 100 75 300
Experiment 1fkb_ligand -6.373321 100 4 6 144 2260000 100 75 300
Experiment 1fkb_ligand 1345.662354 100 5 6 144 2260000 100 75 300
Experiment 1fkb_ligand -4.835930 100 6 6 144 2260000 100 75 300
Experiment 1fkb_ligand -2.852900 100 7 6 144 2260000 100 75 300
Experiment 1fkb_ligand -2.331120 100 8 6 144 2260000 100 75 300
Experiment 1fkb_ligand -12.275628 100 9 6 144 2260000 100 75 300
Experiment 1fkb_ligand -2.459991 100 10 6 144 380000 100 75 50
Experiment 1fkb_ligand 0.704528 100 1 6 144 380000 100 75 50
Experiment 1fkb_ligand -4.779350 100 2 6 144 380000 100 75 50
Experiment 1fkb_ligand -5.097324 100 3 6 144 380000 100 75 50
Experiment 1fkb_ligand -5.029238 100 4 6 144 380000 100 75 50
Experiment 1fkb_ligand 1635.959106 100 5 6 144 380000 100 75 50
Experiment 1fkb_ligand -5.460575 100 6 6 144 380000 100 75 50
Experiment 1fkb_ligand -3.661010 100 7 6 144 380000 100 75 50
Experiment 1fkb_ligand 1664.986206 100 8 6 144 380000 100 75 50
Experiment 1fkb_ligand -2.151718 100 9 6 144 380000 100 75 50
