Experiment 5wuk_ligand 1674.507080 100 0 5 41 10000 100 0 100
Experiment 5wuk_ligand 4728.430664 100 1 5 41 10000 100 0 100
Experiment 5wuk_ligand 233.193649 100 2 5 41 10000 100 0 100
Experiment 5wuk_ligand 1466.081543 100 3 5 41 10000 100 0 100
Experiment 5wuk_ligand 895.394409 100 4 5 41 10000 100 0 100
Experiment 5wuk_ligand 6573.257324 100 5 5 41 10000 100 0 100
Experiment 5wuk_ligand 149.813522 100 6 5 41 10000 100 0 100
Experiment 5wuk_ligand 973.119141 100 7 5 41 10000 100 0 100
Experiment 5wuk_ligand 1632.145630 100 8 5 41 10000 100 0 100
Experiment 5wuk_ligand 897.564453 100 9 5 41 10000 100 0 100
Experiment 5wuk_ligand 1674.507080 100 0 5 41 10000 100 0 150
Experiment 5wuk_ligand 4728.430664 100 1 5 41 10000 100 0 150
Experiment 5wuk_ligand 233.193649 100 2 5 41 10000 100 0 150
Experiment 5wuk_ligand 1466.081543 100 3 5 41 10000 100 0 150
Experiment 5wuk_ligand 895.394409 100 4 5 41 10000 100 0 150
Experiment 5wuk_ligand 6573.257324 100 5 5 41 10000 100 0 150
Experiment 5wuk_ligand 149.813522 100 6 5 41 10000 100 0 150
Experiment 5wuk_ligand 973.119141 100 7 5 41 10000 100 0 150
Experiment 5wuk_ligand 1632.145630 100 8 5 41 10000 100 0 150
Experiment 5wuk_ligand 897.564453 100 9 5 41 10000 100 0 150
Experiment 5wuk_ligand 1674.507080 100 0 5 41 10000 100 0 200
Experiment 5wuk_ligand 4728.430664 100 1 5 41 10000 100 0 200
Experiment 5wuk_ligand 233.193649 100 2 5 41 10000 100 0 200
Experiment 5wuk_ligand 1466.081543 100 3 5 41 10000 100 0 200
Experiment 5wuk_ligand 895.394409 100 4 5 41 10000 100 0 200
Experiment 5wuk_ligand 6573.257324 100 5 5 41 10000 100 0 200
Experiment 5wuk_ligand 149.813522 100 6 5 41 10000 100 0 200
Experiment 5wuk_ligand 973.119141 100 7 5 41 10000 100 0 200
Experiment 5wuk_ligand 1632.145630 100 8 5 41 10000 100 0 200
Experiment 5wuk_ligand 897.564453 100 9 5 41 10000 100 0 200
Experiment 5wuk_ligand 1674.507080 100 0 5 41 10000 100 0 250
Experiment 5wuk_ligand 4728.430664 100 1 5 41 10000 100 0 250
Experiment 5wuk_ligand 233.193649 100 2 5 41 10000 100 0 250
Experiment 5wuk_ligand 1466.081543 100 3 5 41 10000 100 0 250
Experiment 5wuk_ligand 895.394409 100 4 5 41 10000 100 0 250
Experiment 5wuk_ligand 6573.257324 100 5 5 41 10000 100 0 250
Experiment 5wuk_ligand 149.813522 100 6 5 41 10000 100 0 250
Experiment 5wuk_ligand 973.119141 100 7 5 41 10000 100 0 250
Experiment 5wuk_ligand 1632.145630 100 8 5 41 10000 100 0 250
Experiment 5wuk_ligand 897.564453 100 9 5 41 10000 100 0 250
Experiment 5wuk_ligand 1674.507080 100 0 5 41 10000 100 0 300
Experiment 5wuk_ligand 4728.430664 100 1 5 41 10000 100 0 300
Experiment 5wuk_ligand 233.193649 100 2 5 41 10000 100 0 300
Experiment 5wuk_ligand 1466.081543 100 3 5 41 10000 100 0 300
Experiment 5wuk_ligand 895.394409 100 4 5 41 10000 100 0 300
Experiment 5wuk_ligand 6573.257324 100 5 5 41 10000 100 0 300
Experiment 5wuk_ligand 149.813522 100 6 5 41 10000 100 0 300
Experiment 5wuk_ligand 973.119141 100 7 5 41 10000 100 0 300
Experiment 5wuk_ligand 1632.145630 100 8 5 41 10000 100 0 300
Experiment 5wuk_ligand 897.564453 100 9 5 41 10000 100 0 300
Experiment 5wuk_ligand 1674.507080 100 0 5 41 10000 100 0 50
Experiment 5wuk_ligand 4728.430664 100 1 5 41 10000 100 0 50
Experiment 5wuk_ligand 233.193649 100 2 5 41 10000 100 0 50
Experiment 5wuk_ligand 1466.081543 100 3 5 41 10000 100 0 50
Experiment 5wuk_ligand 895.394409 100 4 5 41 10000 100 0 50
Experiment 5wuk_ligand 6573.257324 100 5 5 41 10000 100 0 50
Experiment 5wuk_ligand 149.813522 100 6 5 41 10000 100 0 50
Experiment 5wuk_ligand 973.119141 100 7 5 41 10000 100 0 50
Experiment 5wuk_ligand 1632.145630 100 8 5 41 10000 100 0 50
Experiment 5wuk_ligand 897.564453 100 9 5 41 10000 100 0 50
Experiment 5wuk_ligand 4704.513184 100 0 5 41 1010000 100 100 100
Experiment 5wuk_ligand 138.999069 100 1 5 41 1010000 100 100 100
Experiment 5wuk_ligand 638.742737 100 2 5 41 1010000 100 100 100
Experiment 5wuk_ligand 554.395813 100 3 5 41 1010000 100 100 100
Experiment 5wuk_ligand 944.363770 100 4 5 41 1010000 100 100 100
Experiment 5wuk_ligand 3113.848389 100 5 5 41 1010000 100 100 100
Experiment 5wuk_ligand 1338.768311 100 6 5 41 1010000 100 100 100
Experiment 5wuk_ligand 778.473877 100 7 5 41 1010000 100 100 100
Experiment 5wuk_ligand -4.422041 100 8 5 41 1010000 100 100 100
Experiment 5wuk_ligand 78.694786 100 9 5 41 1010000 100 100 100
Experiment 5wuk_ligand 864.285767 100 0 5 41 1510000 100 100 150
Experiment 5wuk_ligand 139.926941 100 1 5 41 1510000 100 100 150
Experiment 5wuk_ligand 624.273071 100 2 5 41 1510000 100 100 150
Experiment 5wuk_ligand 477.887634 100 3 5 41 1510000 100 100 150
Experiment 5wuk_ligand 447.729309 100 4 5 41 1510000 100 100 150
Experiment 5wuk_ligand 3165.653320 100 5 5 41 1510000 100 100 150
Experiment 5wuk_ligand 1105.939209 100 6 5 41 1510000 100 100 150
Experiment 5wuk_ligand 778.747131 100 7 5 41 1510000 100 100 150
Experiment 5wuk_ligand -4.781292 100 8 5 41 1510000 100 100 150
Experiment 5wuk_ligand 88.093925 100 9 5 41 1510000 100 100 150
Experiment 5wuk_ligand 1259.982422 100 0 5 41 2010000 100 100 200
Experiment 5wuk_ligand 176.906738 100 1 5 41 2010000 100 100 200
Experiment 5wuk_ligand 196.628036 100 2 5 41 2010000 100 100 200
Experiment 5wuk_ligand 339.006287 100 3 5 41 2010000 100 100 200
Experiment 5wuk_ligand 509.194824 100 4 5 41 2010000 100 100 200
Experiment 5wuk_ligand 1467.192017 100 5 5 41 2010000 100 100 200
Experiment 5wuk_ligand 1125.992188 100 6 5 41 2010000 100 100 200
Experiment 5wuk_ligand 765.828369 100 7 5 41 2010000 100 100 200
Experiment 5wuk_ligand 266.526306 100 8 5 41 2010000 100 100 200
Experiment 5wuk_ligand -2.040030 100 9 5 41 2010000 100 100 200
Experiment 5wuk_ligand 1267.494751 100 0 5 41 2510000 100 100 250
Experiment 5wuk_ligand -7.619365 100 1 5 41 2510000 100 100 250
Experiment 5wuk_ligand 631.340210 100 2 5 41 2510000 100 100 250
Experiment 5wuk_ligand 352.165527 100 3 5 41 2510000 100 100 250
Experiment 5wuk_ligand -3.981642 100 4 5 41 2510000 100 100 250
Experiment 5wuk_ligand 507.618164 100 5 5 41 2510000 100 100 250
Experiment 5wuk_ligand 1168.326416 100 6 5 41 2510000 100 100 250
Experiment 5wuk_ligand 785.487427 100 7 5 41 2510000 100 100 250
Experiment 5wuk_ligand -3.650212 100 8 5 41 2510000 100 100 250
Experiment 5wuk_ligand -5.087759 100 9 5 41 2510000 100 100 250
Experiment 5wuk_ligand 1271.187866 100 0 5 41 3010000 100 100 300
Experiment 5wuk_ligand -5.708909 100 1 5 41 3010000 100 100 300
Experiment 5wuk_ligand -2.855813 100 2 5 41 3010000 100 100 300
Experiment 5wuk_ligand -4.681091 100 3 5 41 3010000 100 100 300
Experiment 5wuk_ligand -5.076857 100 4 5 41 3010000 100 100 300
Experiment 5wuk_ligand 78.977188 100 5 5 41 3010000 100 100 300
Experiment 5wuk_ligand 1260.892090 100 6 5 41 3010000 100 100 300
Experiment 5wuk_ligand 77.164780 100 7 5 41 3010000 100 100 300
Experiment 5wuk_ligand 61.249641 100 8 5 41 3010000 100 100 300
Experiment 5wuk_ligand -3.851487 100 9 5 41 3010000 100 100 300
Experiment 5wuk_ligand 6818.586426 100 0 5 41 510000 100 100 50
Experiment 5wuk_ligand 141.299133 100 1 5 41 510000 100 100 50
Experiment 5wuk_ligand 630.710205 100 2 5 41 510000 100 100 50
Experiment 5wuk_ligand 482.650452 100 3 5 41 510000 100 100 50
Experiment 5wuk_ligand 185.509613 100 4 5 41 510000 100 100 50
Experiment 5wuk_ligand 399.947083 100 5 5 41 510000 100 100 50
Experiment 5wuk_ligand 1241.189697 100 6 5 41 510000 100 100 50
Experiment 5wuk_ligand 790.723145 100 7 5 41 510000 100 100 50
Experiment 5wuk_ligand 111.650497 100 8 5 41 510000 100 100 50
Experiment 5wuk_ligand 675.846863 100 9 5 41 510000 100 100 50
Experiment 5wuk_ligand 4877.329102 100 0 5 41 260000 100 25 100
Experiment 5wuk_ligand 2346.201904 100 1 5 41 260000 100 25 100
Experiment 5wuk_ligand 127.639748 100 2 5 41 260000 100 25 100
Experiment 5wuk_ligand 489.983704 100 3 5 41 260000 100 25 100
Experiment 5wuk_ligand 180.221603 100 4 5 41 260000 100 25 100
Experiment 5wuk_ligand 3102.759033 100 5 5 41 260000 100 25 100
Experiment 5wuk_ligand 326.433105 100 6 5 41 260000 100 25 100
Experiment 5wuk_ligand 146.324036 100 7 5 41 260000 100 25 100
Experiment 5wuk_ligand -3.493539 100 8 5 41 260000 100 25 100
Experiment 5wuk_ligand 87.078949 100 9 5 41 260000 100 25 100
Experiment 5wuk_ligand 1961.437988 100 0 5 41 380000 100 25 150
Experiment 5wuk_ligand 1946.067871 100 1 5 41 380000 100 25 150
Experiment 5wuk_ligand 129.271927 100 2 5 41 380000 100 25 150
Experiment 5wuk_ligand 483.248505 100 3 5 41 380000 100 25 150
Experiment 5wuk_ligand 180.397522 100 4 5 41 380000 100 25 150
Experiment 5wuk_ligand 3052.788330 100 5 5 41 380000 100 25 150
Experiment 5wuk_ligand 93.601753 100 6 5 41 380000 100 25 150
Experiment 5wuk_ligand 270.348633 100 7 5 41 380000 100 25 150
Experiment 5wuk_ligand 134.198456 100 8 5 41 380000 100 25 150
Experiment 5wuk_ligand 557.223938 100 9 5 41 380000 100 25 150
Experiment 5wuk_ligand 1684.375977 100 0 5 41 510000 100 25 200
Experiment 5wuk_ligand 2283.028564 100 1 5 41 510000 100 25 200
Experiment 5wuk_ligand 127.172676 100 2 5 41 510000 100 25 200
Experiment 5wuk_ligand 485.910370 100 3 5 41 510000 100 25 200
Experiment 5wuk_ligand 181.075943 100 4 5 41 510000 100 25 200
Experiment 5wuk_ligand 1662.624512 100 5 5 41 510000 100 25 200
Experiment 5wuk_ligand 110.431274 100 6 5 41 510000 100 25 200
Experiment 5wuk_ligand 77.209099 100 7 5 41 510000 100 25 200
Experiment 5wuk_ligand -3.387161 100 8 5 41 510000 100 25 200
Experiment 5wuk_ligand 340.408752 100 9 5 41 510000 100 25 200
Experiment 5wuk_ligand 1589.252686 100 0 5 41 630000 100 25 250
Experiment 5wuk_ligand 950.051941 100 1 5 41 630000 100 25 250
Experiment 5wuk_ligand -5.040659 100 2 5 41 630000 100 25 250
Experiment 5wuk_ligand 355.379608 100 3 5 41 630000 100 25 250
Experiment 5wuk_ligand 9287.718750 100 4 5 41 630000 100 25 250
Experiment 5wuk_ligand 1697.867310 100 5 5 41 630000 100 25 250
Experiment 5wuk_ligand 97.350021 100 6 5 41 630000 100 25 250
Experiment 5wuk_ligand 266.968658 100 7 5 41 630000 100 25 250
Experiment 5wuk_ligand -4.654008 100 8 5 41 630000 100 25 250
Experiment 5wuk_ligand 630.340149 100 9 5 41 630000 100 25 250
Experiment 5wuk_ligand 2412.880127 100 0 5 41 760000 100 25 300
Experiment 5wuk_ligand 1937.542725 100 1 5 41 760000 100 25 300
Experiment 5wuk_ligand 120.593727 100 2 5 41 760000 100 25 300
Experiment 5wuk_ligand 333.390717 100 3 5 41 760000 100 25 300
Experiment 5wuk_ligand 9280.019531 100 4 5 41 760000 100 25 300
Experiment 5wuk_ligand 1727.404663 100 5 5 41 760000 100 25 300
Experiment 5wuk_ligand 97.176971 100 6 5 41 760000 100 25 300
Experiment 5wuk_ligand 273.068848 100 7 5 41 760000 100 25 300
Experiment 5wuk_ligand -4.815566 100 8 5 41 760000 100 25 300
Experiment 5wuk_ligand -5.368969 100 9 5 41 760000 100 25 300
Experiment 5wuk_ligand 1489.059937 100 0 5 41 130000 100 25 50
Experiment 5wuk_ligand 1111.546631 100 1 5 41 130000 100 25 50
Experiment 5wuk_ligand 131.287949 100 2 5 41 130000 100 25 50
Experiment 5wuk_ligand 511.942139 100 3 5 41 130000 100 25 50
Experiment 5wuk_ligand 179.258759 100 4 5 41 130000 100 25 50
Experiment 5wuk_ligand 3152.414795 100 5 5 41 130000 100 25 50
Experiment 5wuk_ligand 293.650879 100 6 5 41 130000 100 25 50
Experiment 5wuk_ligand 749.031616 100 7 5 41 130000 100 25 50
Experiment 5wuk_ligand 137.651611 100 8 5 41 130000 100 25 50
Experiment 5wuk_ligand 816.875977 100 9 5 41 130000 100 25 50
Experiment 5wuk_ligand 1225.038574 100 0 5 41 510000 100 50 100
Experiment 5wuk_ligand 889.308716 100 1 5 41 510000 100 50 100
Experiment 5wuk_ligand 2913.641357 100 2 5 41 510000 100 50 100
Experiment 5wuk_ligand 487.767792 100 3 5 41 510000 100 50 100
Experiment 5wuk_ligand 179.901764 100 4 5 41 510000 100 50 100
Experiment 5wuk_ligand -3.968182 100 5 5 41 510000 100 50 100
Experiment 5wuk_ligand 101.628967 100 6 5 41 510000 100 50 100
Experiment 5wuk_ligand 742.118774 100 7 5 41 510000 100 50 100
Experiment 5wuk_ligand 121.791512 100 8 5 41 510000 100 50 100
Experiment 5wuk_ligand 555.949036 100 9 5 41 510000 100 50 100
Experiment 5wuk_ligand 1401.257568 100 0 5 41 760000 100 50 150
Experiment 5wuk_ligand 1764.189819 100 1 5 41 760000 100 50 150
Experiment 5wuk_ligand 450.517365 100 2 5 41 760000 100 50 150
Experiment 5wuk_ligand 489.440002 100 3 5 41 760000 100 50 150
Experiment 5wuk_ligand 176.928528 100 4 5 41 760000 100 50 150
Experiment 5wuk_ligand 227.180054 100 5 5 41 760000 100 50 150
Experiment 5wuk_ligand 96.567352 100 6 5 41 760000 100 50 150
Experiment 5wuk_ligand 728.095947 100 7 5 41 760000 100 50 150
Experiment 5wuk_ligand -1.611847 100 8 5 41 760000 100 50 150
Experiment 5wuk_ligand 87.537689 100 9 5 41 760000 100 50 150
Experiment 5wuk_ligand 1242.101196 100 0 5 41 1010000 100 50 200
Experiment 5wuk_ligand 172.029266 100 1 5 41 1010000 100 50 200
Experiment 5wuk_ligand 1131.891968 100 2 5 41 1010000 100 50 200
Experiment 5wuk_ligand 346.729675 100 3 5 41 1010000 100 50 200
Experiment 5wuk_ligand 185.217896 100 4 5 41 1010000 100 50 200
Experiment 5wuk_ligand 184.339249 100 5 5 41 1010000 100 50 200
Experiment 5wuk_ligand 91.837715 100 6 5 41 1010000 100 50 200
Experiment 5wuk_ligand 741.406860 100 7 5 41 1010000 100 50 200
Experiment 5wuk_ligand -2.986344 100 8 5 41 1010000 100 50 200
Experiment 5wuk_ligand -4.114232 100 9 5 41 1010000 100 50 200
Experiment 5wuk_ligand 1237.256592 100 0 5 41 1260000 100 50 250
Experiment 5wuk_ligand 554.520874 100 1 5 41 1260000 100 50 250
Experiment 5wuk_ligand 2794.675537 100 2 5 41 1260000 100 50 250
Experiment 5wuk_ligand 349.044800 100 3 5 41 1260000 100 50 250
Experiment 5wuk_ligand 4331.942871 100 4 5 41 1260000 100 50 250
Experiment 5wuk_ligand 213.515137 100 5 5 41 1260000 100 50 250
Experiment 5wuk_ligand 137.216385 100 6 5 41 1260000 100 50 250
Experiment 5wuk_ligand 736.109924 100 7 5 41 1260000 100 50 250
Experiment 5wuk_ligand -4.523685 100 8 5 41 1260000 100 50 250
Experiment 5wuk_ligand 102.228050 100 9 5 41 1260000 100 50 250
Experiment 5wuk_ligand 1248.297363 100 0 5 41 1510000 100 50 300
Experiment 5wuk_ligand 10578.639648 100 1 5 41 1510000 100 50 300
Experiment 5wuk_ligand 422.739685 100 2 5 41 1510000 100 50 300
Experiment 5wuk_ligand 332.498901 100 3 5 41 1510000 100 50 300
Experiment 5wuk_ligand 4350.624512 100 4 5 41 1510000 100 50 300
Experiment 5wuk_ligand 1436.213989 100 5 5 41 1510000 100 50 300
Experiment 5wuk_ligand 6401.680664 100 6 5 41 1510000 100 50 300
Experiment 5wuk_ligand 257.238678 100 7 5 41 1510000 100 50 300
Experiment 5wuk_ligand -2.999087 100 8 5 41 1510000 100 50 300
Experiment 5wuk_ligand 635.567505 100 9 5 41 1510000 100 50 300
Experiment 5wuk_ligand 1592.067017 100 0 5 41 260000 100 50 50
Experiment 5wuk_ligand 2711.267578 100 1 5 41 260000 100 50 50
Experiment 5wuk_ligand 945.360291 100 2 5 41 260000 100 50 50
Experiment 5wuk_ligand 495.970490 100 3 5 41 260000 100 50 50
Experiment 5wuk_ligand 178.757278 100 4 5 41 260000 100 50 50
Experiment 5wuk_ligand 224.928848 100 5 5 41 260000 100 50 50
Experiment 5wuk_ligand 107.781525 100 6 5 41 260000 100 50 50
Experiment 5wuk_ligand 728.422180 100 7 5 41 260000 100 50 50
Experiment 5wuk_ligand 121.803101 100 8 5 41 260000 100 50 50
Experiment 5wuk_ligand 816.832703 100 9 5 41 260000 100 50 50
Experiment 5wuk_ligand 1246.716797 100 0 5 41 760000 100 75 100
Experiment 5wuk_ligand 3785.381104 100 1 5 41 760000 100 75 100
Experiment 5wuk_ligand 175.014572 100 2 5 41 760000 100 75 100
Experiment 5wuk_ligand 584.490601 100 3 5 41 760000 100 75 100
Experiment 5wuk_ligand 220.494324 100 4 5 41 760000 100 75 100
Experiment 5wuk_ligand 3105.330566 100 5 5 41 760000 100 75 100
Experiment 5wuk_ligand 1176.292603 100 6 5 41 760000 100 75 100
Experiment 5wuk_ligand 732.914856 100 7 5 41 760000 100 75 100
Experiment 5wuk_ligand 122.532234 100 8 5 41 760000 100 75 100
Experiment 5wuk_ligand 286.388153 100 9 5 41 760000 100 75 100
Experiment 5wuk_ligand 1233.351807 100 0 5 41 1130000 100 75 150
Experiment 5wuk_ligand 111.229301 100 1 5 41 1130000 100 75 150
Experiment 5wuk_ligand -3.861773 100 2 5 41 1130000 100 75 150
Experiment 5wuk_ligand 366.404266 100 3 5 41 1130000 100 75 150
Experiment 5wuk_ligand 180.485428 100 4 5 41 1130000 100 75 150
Experiment 5wuk_ligand 3104.373047 100 5 5 41 1130000 100 75 150
Experiment 5wuk_ligand 1183.804688 100 6 5 41 1130000 100 75 150
Experiment 5wuk_ligand 748.700928 100 7 5 41 1130000 100 75 150
Experiment 5wuk_ligand -4.157380 100 8 5 41 1130000 100 75 150
Experiment 5wuk_ligand 95.826691 100 9 5 41 1130000 100 75 150
Experiment 5wuk_ligand 39.286888 100 0 5 41 1510000 100 75 200
Experiment 5wuk_ligand -5.450910 100 1 5 41 1510000 100 75 200
Experiment 5wuk_ligand 680.868225 100 2 5 41 1510000 100 75 200
Experiment 5wuk_ligand 333.497620 100 3 5 41 1510000 100 75 200
Experiment 5wuk_ligand 292.730286 100 4 5 41 1510000 100 75 200
Experiment 5wuk_ligand 3091.271484 100 5 5 41 1510000 100 75 200
Experiment 5wuk_ligand 1187.761597 100 6 5 41 1510000 100 75 200
Experiment 5wuk_ligand 733.172546 100 7 5 41 1510000 100 75 200
Experiment 5wuk_ligand -5.455731 100 8 5 41 1510000 100 75 200
Experiment 5wuk_ligand 89.873581 100 9 5 41 1510000 100 75 200
Experiment 5wuk_ligand -5.098973 100 0 5 41 1880000 100 75 250
Experiment 5wuk_ligand -3.669498 100 1 5 41 1880000 100 75 250
Experiment 5wuk_ligand 195.422791 100 2 5 41 1880000 100 75 250
Experiment 5wuk_ligand 169.163452 100 3 5 41 1880000 100 75 250
Experiment 5wuk_ligand 613.036316 100 4 5 41 1880000 100 75 250
Experiment 5wuk_ligand 3090.588623 100 5 5 41 1880000 100 75 250
Experiment 5wuk_ligand 1175.436768 100 6 5 41 1880000 100 75 250
Experiment 5wuk_ligand 750.780457 100 7 5 41 1880000 100 75 250
Experiment 5wuk_ligand 112.525955 100 8 5 41 1880000 100 75 250
Experiment 5wuk_ligand 638.377686 100 9 5 41 1880000 100 75 250
Experiment 5wuk_ligand -3.549163 100 0 5 41 2260000 100 75 300
Experiment 5wuk_ligand 156.357056 100 1 5 41 2260000 100 75 300
Experiment 5wuk_ligand 340.533844 100 2 5 41 2260000 100 75 300
Experiment 5wuk_ligand -3.938291 100 3 5 41 2260000 100 75 300
Experiment 5wuk_ligand -3.470881 100 4 5 41 2260000 100 75 300
Experiment 5wuk_ligand 3101.494141 100 5 5 41 2260000 100 75 300
Experiment 5wuk_ligand 1189.890991 100 6 5 41 2260000 100 75 300
Experiment 5wuk_ligand 751.213989 100 7 5 41 2260000 100 75 300
Experiment 5wuk_ligand -5.229584 100 8 5 41 2260000 100 75 300
Experiment 5wuk_ligand -1.396854 100 9 5 41 2260000 100 75 300
Experiment 5wuk_ligand 1518.845337 100 0 5 41 380000 100 75 50
Experiment 5wuk_ligand 3586.209473 100 1 5 41 380000 100 75 50
Experiment 5wuk_ligand 1579.653809 100 2 5 41 380000 100 75 50
Experiment 5wuk_ligand 487.436096 100 3 5 41 380000 100 75 50
Experiment 5wuk_ligand 178.828934 100 4 5 41 380000 100 75 50
Experiment 5wuk_ligand 492.843140 100 5 5 41 380000 100 75 50
Experiment 5wuk_ligand 1157.532715 100 6 5 41 380000 100 75 50
Experiment 5wuk_ligand 731.201172 100 7 5 41 380000 100 75 50
Experiment 5wuk_ligand 200.479263 100 8 5 41 380000 100 75 50
Experiment 5wuk_ligand 275.654083 100 9 5 41 380000 100 75 50
