Experiment 2ya6_ligand 25.804075 100 0 6 36 10000 100 0 100
Experiment 2ya6_ligand 209.356369 100 1 6 36 10000 100 0 100
Experiment 2ya6_ligand -3.894085 100 2 6 36 10000 100 0 100
Experiment 2ya6_ligand 630.174377 100 3 6 36 10000 100 0 100
Experiment 2ya6_ligand 234.551407 100 4 6 36 10000 100 0 100
Experiment 2ya6_ligand 8.952559 100 5 6 36 10000 100 0 100
Experiment 2ya6_ligand -1.529499 100 6 6 36 10000 100 0 100
Experiment 2ya6_ligand 1728.437744 100 7 6 36 10000 100 0 100
Experiment 2ya6_ligand 22.591772 100 8 6 36 10000 100 0 100
Experiment 2ya6_ligand -2.444912 100 9 6 36 10000 100 0 100
Experiment 2ya6_ligand 25.804075 100 0 6 36 10000 100 0 150
Experiment 2ya6_ligand 209.356369 100 1 6 36 10000 100 0 150
Experiment 2ya6_ligand -3.894085 100 2 6 36 10000 100 0 150
Experiment 2ya6_ligand 630.174377 100 3 6 36 10000 100 0 150
Experiment 2ya6_ligand 234.551407 100 4 6 36 10000 100 0 150
Experiment 2ya6_ligand 8.952559 100 5 6 36 10000 100 0 150
Experiment 2ya6_ligand -1.529499 100 6 6 36 10000 100 0 150
Experiment 2ya6_ligand 1728.437744 100 7 6 36 10000 100 0 150
Experiment 2ya6_ligand 22.591772 100 8 6 36 10000 100 0 150
Experiment 2ya6_ligand -2.444912 100 9 6 36 10000 100 0 150
Experiment 2ya6_ligand 25.804075 100 0 6 36 10000 100 0 200
Experiment 2ya6_ligand 209.356369 100 1 6 36 10000 100 0 200
Experiment 2ya6_ligand -3.894085 100 2 6 36 10000 100 0 200
Experiment 2ya6_ligand 630.174377 100 3 6 36 10000 100 0 200
Experiment 2ya6_ligand 234.551407 100 4 6 36 10000 100 0 200
Experiment 2ya6_ligand 8.952559 100 5 6 36 10000 100 0 200
Experiment 2ya6_ligand -1.529499 100 6 6 36 10000 100 0 200
Experiment 2ya6_ligand 1728.437744 100 7 6 36 10000 100 0 200
Experiment 2ya6_ligand 22.591772 100 8 6 36 10000 100 0 200
Experiment 2ya6_ligand -2.444912 100 9 6 36 10000 100 0 200
Experiment 2ya6_ligand 25.804075 100 0 6 36 10000 100 0 250
Experiment 2ya6_ligand 209.356369 100 1 6 36 10000 100 0 250
Experiment 2ya6_ligand -3.894085 100 2 6 36 10000 100 0 250
Experiment 2ya6_ligand 630.174377 100 3 6 36 10000 100 0 250
Experiment 2ya6_ligand 234.551407 100 4 6 36 10000 100 0 250
Experiment 2ya6_ligand 8.952559 100 5 6 36 10000 100 0 250
Experiment 2ya6_ligand -1.529499 100 6 6 36 10000 100 0 250
Experiment 2ya6_ligand 1728.437744 100 7 6 36 10000 100 0 250
Experiment 2ya6_ligand 22.591772 100 8 6 36 10000 100 0 250
Experiment 2ya6_ligand -2.444912 100 9 6 36 10000 100 0 250
Experiment 2ya6_ligand 25.804075 100 0 6 36 10000 100 0 300
Experiment 2ya6_ligand 209.356369 100 1 6 36 10000 100 0 300
Experiment 2ya6_ligand -3.894085 100 2 6 36 10000 100 0 300
Experiment 2ya6_ligand 630.174377 100 3 6 36 10000 100 0 300
Experiment 2ya6_ligand 234.551407 100 4 6 36 10000 100 0 300
Experiment 2ya6_ligand 8.952559 100 5 6 36 10000 100 0 300
Experiment 2ya6_ligand -1.529499 100 6 6 36 10000 100 0 300
Experiment 2ya6_ligand 1728.437744 100 7 6 36 10000 100 0 300
Experiment 2ya6_ligand 22.591772 100 8 6 36 10000 100 0 300
Experiment 2ya6_ligand -2.444912 100 9 6 36 10000 100 0 300
Experiment 2ya6_ligand 25.804075 100 0 6 36 10000 100 0 50
Experiment 2ya6_ligand 209.356369 100 1 6 36 10000 100 0 50
Experiment 2ya6_ligand -3.894085 100 2 6 36 10000 100 0 50
Experiment 2ya6_ligand 630.174377 100 3 6 36 10000 100 0 50
Experiment 2ya6_ligand 234.551407 100 4 6 36 10000 100 0 50
Experiment 2ya6_ligand 8.952559 100 5 6 36 10000 100 0 50
Experiment 2ya6_ligand -1.529499 100 6 6 36 10000 100 0 50
Experiment 2ya6_ligand 1728.437744 100 7 6 36 10000 100 0 50
Experiment 2ya6_ligand 22.591772 100 8 6 36 10000 100 0 50
Experiment 2ya6_ligand -2.444912 100 9 6 36 10000 100 0 50
Experiment 2ya6_ligand -8.956432 100 0 6 36 1010000 100 100 100
Experiment 2ya6_ligand -4.591839 100 1 6 36 1010000 100 100 100
Experiment 2ya6_ligand -8.733084 100 2 6 36 1010000 100 100 100
Experiment 2ya6_ligand -4.582986 100 3 6 36 1010000 100 100 100
Experiment 2ya6_ligand -6.418721 100 4 6 36 1010000 100 100 100
Experiment 2ya6_ligand -5.810533 100 5 6 36 1010000 100 100 100
Experiment 2ya6_ligand 1639.247437 100 6 6 36 1010000 100 100 100
Experiment 2ya6_ligand -3.825157 100 7 6 36 1010000 100 100 100
Experiment 2ya6_ligand -5.441354 100 8 6 36 1010000 100 100 100
Experiment 2ya6_ligand -9.178690 100 9 6 36 1010000 100 100 100
Experiment 2ya6_ligand -3.039088 100 0 6 36 1510000 100 100 150
Experiment 2ya6_ligand -6.988757 100 1 6 36 1510000 100 100 150
Experiment 2ya6_ligand -9.710235 100 2 6 36 1510000 100 100 150
Experiment 2ya6_ligand -6.801662 100 3 6 36 1510000 100 100 150
Experiment 2ya6_ligand -5.866513 100 4 6 36 1510000 100 100 150
Experiment 2ya6_ligand -5.459503 100 5 6 36 1510000 100 100 150
Experiment 2ya6_ligand 2791.130127 100 6 6 36 1510000 100 100 150
Experiment 2ya6_ligand -4.371529 100 7 6 36 1510000 100 100 150
Experiment 2ya6_ligand -5.719577 100 8 6 36 1510000 100 100 150
Experiment 2ya6_ligand -4.691971 100 9 6 36 1510000 100 100 150
Experiment 2ya6_ligand -3.087164 100 0 6 36 2010000 100 100 200
Experiment 2ya6_ligand -4.557027 100 1 6 36 2010000 100 100 200
Experiment 2ya6_ligand -9.719662 100 2 6 36 2010000 100 100 200
Experiment 2ya6_ligand -4.568508 100 3 6 36 2010000 100 100 200
Experiment 2ya6_ligand -5.716336 100 4 6 36 2010000 100 100 200
Experiment 2ya6_ligand -4.969030 100 5 6 36 2010000 100 100 200
Experiment 2ya6_ligand -3.799627 100 6 6 36 2010000 100 100 200
Experiment 2ya6_ligand -4.866959 100 7 6 36 2010000 100 100 200
Experiment 2ya6_ligand -5.841583 100 8 6 36 2010000 100 100 200
Experiment 2ya6_ligand -8.268274 100 9 6 36 2010000 100 100 200
Experiment 2ya6_ligand -4.484550 100 0 6 36 2510000 100 100 250
Experiment 2ya6_ligand -5.665525 100 1 6 36 2510000 100 100 250
Experiment 2ya6_ligand -9.717127 100 2 6 36 2510000 100 100 250
Experiment 2ya6_ligand -4.516250 100 3 6 36 2510000 100 100 250
Experiment 2ya6_ligand -7.346756 100 4 6 36 2510000 100 100 250
Experiment 2ya6_ligand -4.951941 100 5 6 36 2510000 100 100 250
Experiment 2ya6_ligand -5.530670 100 6 6 36 2510000 100 100 250
Experiment 2ya6_ligand -4.215353 100 7 6 36 2510000 100 100 250
Experiment 2ya6_ligand -5.855588 100 8 6 36 2510000 100 100 250
Experiment 2ya6_ligand -8.232195 100 9 6 36 2510000 100 100 250
Experiment 2ya6_ligand -4.907027 100 0 6 36 3010000 100 100 300
Experiment 2ya6_ligand -6.269463 100 1 6 36 3010000 100 100 300
Experiment 2ya6_ligand -9.691632 100 2 6 36 3010000 100 100 300
Experiment 2ya6_ligand -9.275679 100 3 6 36 3010000 100 100 300
Experiment 2ya6_ligand -7.283636 100 4 6 36 3010000 100 100 300
Experiment 2ya6_ligand -5.065125 100 5 6 36 3010000 100 100 300
Experiment 2ya6_ligand -4.858347 100 6 6 36 3010000 100 100 300
Experiment 2ya6_ligand -3.311560 100 7 6 36 3010000 100 100 300
Experiment 2ya6_ligand -6.413833 100 8 6 36 3010000 100 100 300
Experiment 2ya6_ligand -8.153449 100 9 6 36 3010000 100 100 300
Experiment 2ya6_ligand -4.945079 100 0 6 36 510000 100 100 50
Experiment 2ya6_ligand -4.260425 100 1 6 36 510000 100 100 50
Experiment 2ya6_ligand -8.673426 100 2 6 36 510000 100 100 50
Experiment 2ya6_ligand -0.693523 100 3 6 36 510000 100 100 50
Experiment 2ya6_ligand -3.273134 100 4 6 36 510000 100 100 50
Experiment 2ya6_ligand -6.995187 100 5 6 36 510000 100 100 50
Experiment 2ya6_ligand 3806.086670 100 6 6 36 510000 100 100 50
Experiment 2ya6_ligand 0.775526 100 7 6 36 510000 100 100 50
Experiment 2ya6_ligand -3.298678 100 8 6 36 510000 100 100 50
Experiment 2ya6_ligand -4.786181 100 9 6 36 510000 100 100 50
Experiment 2ya6_ligand -3.114061 100 0 6 36 260000 100 25 100
Experiment 2ya6_ligand -4.308047 100 1 6 36 260000 100 25 100
Experiment 2ya6_ligand -2.696080 100 2 6 36 260000 100 25 100
Experiment 2ya6_ligand 1575.554199 100 3 6 36 260000 100 25 100
Experiment 2ya6_ligand -4.780726 100 4 6 36 260000 100 25 100
Experiment 2ya6_ligand -1.384887 100 5 6 36 260000 100 25 100
Experiment 2ya6_ligand 5124.705566 100 6 6 36 260000 100 25 100
Experiment 2ya6_ligand 3235.504150 100 7 6 36 260000 100 25 100
Experiment 2ya6_ligand -6.437339 100 8 6 36 260000 100 25 100
Experiment 2ya6_ligand -4.080237 100 9 6 36 260000 100 25 100
Experiment 2ya6_ligand -8.554316 100 0 6 36 380000 100 25 150
Experiment 2ya6_ligand -8.042970 100 1 6 36 380000 100 25 150
Experiment 2ya6_ligand 24.920366 100 2 6 36 380000 100 25 150
Experiment 2ya6_ligand -10.634624 20 3 6 36 380000 100 25 150
Experiment 2ya6_ligand -4.511936 100 4 6 36 380000 100 25 150
Experiment 2ya6_ligand -4.112154 100 5 6 36 380000 100 25 150
Experiment 2ya6_ligand -1.851759 100 6 6 36 380000 100 25 150
Experiment 2ya6_ligand 3299.558838 100 7 6 36 380000 100 25 150
Experiment 2ya6_ligand -5.875992 100 8 6 36 380000 100 25 150
Experiment 2ya6_ligand -7.185916 100 9 6 36 380000 100 25 150
Experiment 2ya6_ligand -8.584590 100 0 6 36 510000 100 25 200
Experiment 2ya6_ligand -4.801242 100 1 6 36 510000 100 25 200
Experiment 2ya6_ligand -8.172243 100 2 6 36 510000 100 25 200
Experiment 2ya6_ligand 1489.685303 100 3 6 36 510000 100 25 200
Experiment 2ya6_ligand -6.004805 100 4 6 36 510000 100 25 200
Experiment 2ya6_ligand -3.552328 100 5 6 36 510000 100 25 200
Experiment 2ya6_ligand 3913.292480 100 6 6 36 510000 100 25 200
Experiment 2ya6_ligand 3217.352051 100 7 6 36 510000 100 25 200
Experiment 2ya6_ligand -6.358501 100 8 6 36 510000 100 25 200
Experiment 2ya6_ligand -8.353214 100 9 6 36 510000 100 25 200
Experiment 2ya6_ligand -8.641290 100 0 6 36 630000 100 25 250
Experiment 2ya6_ligand -7.140230 100 1 6 36 630000 100 25 250
Experiment 2ya6_ligand -3.395447 100 2 6 36 630000 100 25 250
Experiment 2ya6_ligand -8.177616 100 3 6 36 630000 100 25 250
Experiment 2ya6_ligand -7.266235 100 4 6 36 630000 100 25 250
Experiment 2ya6_ligand -7.445852 100 5 6 36 630000 100 25 250
Experiment 2ya6_ligand 3166.688965 100 6 6 36 630000 100 25 250
Experiment 2ya6_ligand 3117.881592 100 7 6 36 630000 100 25 250
Experiment 2ya6_ligand -3.038153 100 8 6 36 630000 100 25 250
Experiment 2ya6_ligand -6.942379 100 9 6 36 630000 100 25 250
Experiment 2ya6_ligand -8.581078 100 0 6 36 760000 100 25 300
Experiment 2ya6_ligand -5.780489 100 1 6 36 760000 100 25 300
Experiment 2ya6_ligand -5.196680 100 2 6 36 760000 100 25 300
Experiment 2ya6_ligand -8.524776 100 3 6 36 760000 100 25 300
Experiment 2ya6_ligand -7.249779 100 4 6 36 760000 100 25 300
Experiment 2ya6_ligand -4.827685 100 5 6 36 760000 100 25 300
Experiment 2ya6_ligand 3130.619385 100 6 6 36 760000 100 25 300
Experiment 2ya6_ligand 3175.533691 100 7 6 36 760000 100 25 300
Experiment 2ya6_ligand -6.444534 100 8 6 36 760000 100 25 300
Experiment 2ya6_ligand -8.264697 100 9 6 36 760000 100 25 300
Experiment 2ya6_ligand -0.374686 100 0 6 36 130000 100 25 50
Experiment 2ya6_ligand -8.376130 100 1 6 36 130000 100 25 50
Experiment 2ya6_ligand 4.512109 100 2 6 36 130000 100 25 50
Experiment 2ya6_ligand -9.965639 100 3 6 36 130000 100 25 50
Experiment 2ya6_ligand -4.224287 100 4 6 36 130000 100 25 50
Experiment 2ya6_ligand 15.290561 100 5 6 36 130000 100 25 50
Experiment 2ya6_ligand -9.465609 100 6 6 36 130000 100 25 50
Experiment 2ya6_ligand 3212.399170 100 7 6 36 130000 100 25 50
Experiment 2ya6_ligand 204.499130 100 8 6 36 130000 100 25 50
Experiment 2ya6_ligand -7.976003 100 9 6 36 130000 100 25 50
Experiment 2ya6_ligand -9.884425 100 0 6 36 510000 100 50 100
Experiment 2ya6_ligand -7.370091 100 1 6 36 510000 100 50 100
Experiment 2ya6_ligand -8.047595 100 2 6 36 510000 100 50 100
Experiment 2ya6_ligand 1850.143555 100 3 6 36 510000 100 50 100
Experiment 2ya6_ligand -9.315624 100 4 6 36 510000 100 50 100
Experiment 2ya6_ligand -4.365760 100 5 6 36 510000 100 50 100
Experiment 2ya6_ligand 2415.047607 100 6 6 36 510000 100 50 100
Experiment 2ya6_ligand -4.660848 100 7 6 36 510000 100 50 100
Experiment 2ya6_ligand -5.448682 100 8 6 36 510000 100 50 100
Experiment 2ya6_ligand -6.963764 100 9 6 36 510000 100 50 100
Experiment 2ya6_ligand 724.182617 100 0 6 36 760000 100 50 150
Experiment 2ya6_ligand -7.137834 100 1 6 36 760000 100 50 150
Experiment 2ya6_ligand -3.232491 100 2 6 36 760000 100 50 150
Experiment 2ya6_ligand 1846.586548 100 3 6 36 760000 100 50 150
Experiment 2ya6_ligand -2.453143 100 4 6 36 760000 100 50 150
Experiment 2ya6_ligand -4.808835 100 5 6 36 760000 100 50 150
Experiment 2ya6_ligand -4.462990 100 6 6 36 760000 100 50 150
Experiment 2ya6_ligand -4.905879 100 7 6 36 760000 100 50 150
Experiment 2ya6_ligand -6.447558 100 8 6 36 760000 100 50 150
Experiment 2ya6_ligand -7.200020 100 9 6 36 760000 100 50 150
Experiment 2ya6_ligand -10.301123 36 0 6 36 1010000 100 50 200
Experiment 2ya6_ligand -7.146372 100 1 6 36 1010000 100 50 200
Experiment 2ya6_ligand -7.946462 100 2 6 36 1010000 100 50 200
Experiment 2ya6_ligand 2062.414062 100 3 6 36 1010000 100 50 200
Experiment 2ya6_ligand 1.627808 100 4 6 36 1010000 100 50 200
Experiment 2ya6_ligand -5.811205 100 5 6 36 1010000 100 50 200
Experiment 2ya6_ligand -3.306802 100 6 6 36 1010000 100 50 200
Experiment 2ya6_ligand -7.246531 100 7 6 36 1010000 100 50 200
Experiment 2ya6_ligand -4.677634 100 8 6 36 1010000 100 50 200
Experiment 2ya6_ligand -8.244097 100 9 6 36 1010000 100 50 200
Experiment 2ya6_ligand 808.289124 100 0 6 36 1260000 100 50 250
Experiment 2ya6_ligand -4.630786 100 1 6 36 1260000 100 50 250
Experiment 2ya6_ligand -8.685040 100 2 6 36 1260000 100 50 250
Experiment 2ya6_ligand 433.767090 100 3 6 36 1260000 100 50 250
Experiment 2ya6_ligand -5.539718 100 4 6 36 1260000 100 50 250
Experiment 2ya6_ligand -5.468365 100 5 6 36 1260000 100 50 250
Experiment 2ya6_ligand -9.007970 100 6 6 36 1260000 100 50 250
Experiment 2ya6_ligand -5.087301 100 7 6 36 1260000 100 50 250
Experiment 2ya6_ligand -6.450758 100 8 6 36 1260000 100 50 250
Experiment 2ya6_ligand -8.210775 100 9 6 36 1260000 100 50 250
Experiment 2ya6_ligand -5.086524 100 0 6 36 1510000 100 50 300
Experiment 2ya6_ligand -7.153313 100 1 6 36 1510000 100 50 300
Experiment 2ya6_ligand -4.511772 100 2 6 36 1510000 100 50 300
Experiment 2ya6_ligand -5.038924 100 3 6 36 1510000 100 50 300
Experiment 2ya6_ligand -5.622838 100 4 6 36 1510000 100 50 300
Experiment 2ya6_ligand -4.825271 100 5 6 36 1510000 100 50 300
Experiment 2ya6_ligand -8.379255 100 6 6 36 1510000 100 50 300
Experiment 2ya6_ligand -7.136986 100 7 6 36 1510000 100 50 300
Experiment 2ya6_ligand -6.364765 100 8 6 36 1510000 100 50 300
Experiment 2ya6_ligand -8.449780 100 9 6 36 1510000 100 50 300
Experiment 2ya6_ligand 1228.057617 100 0 6 36 260000 100 50 50
Experiment 2ya6_ligand -6.746943 100 1 6 36 260000 100 50 50
Experiment 2ya6_ligand -3.467936 100 2 6 36 260000 100 50 50
Experiment 2ya6_ligand 2067.169189 100 3 6 36 260000 100 50 50
Experiment 2ya6_ligand -7.683110 100 4 6 36 260000 100 50 50
Experiment 2ya6_ligand -4.321945 100 5 6 36 260000 100 50 50
Experiment 2ya6_ligand -9.062863 100 6 6 36 260000 100 50 50
Experiment 2ya6_ligand -4.795024 100 7 6 36 260000 100 50 50
Experiment 2ya6_ligand -4.240792 100 8 6 36 260000 100 50 50
Experiment 2ya6_ligand -8.445728 100 9 6 36 260000 100 50 50
Experiment 2ya6_ligand -9.018308 100 0 6 36 760000 100 75 100
Experiment 2ya6_ligand -4.428618 100 1 6 36 760000 100 75 100
Experiment 2ya6_ligand -2.017102 100 2 6 36 760000 100 75 100
Experiment 2ya6_ligand 1877.174805 100 3 6 36 760000 100 75 100
Experiment 2ya6_ligand 303.809570 100 4 6 36 760000 100 75 100
Experiment 2ya6_ligand -4.363875 100 5 6 36 760000 100 75 100
Experiment 2ya6_ligand 1616.112793 100 6 6 36 760000 100 75 100
Experiment 2ya6_ligand -3.136554 100 7 6 36 760000 100 75 100
Experiment 2ya6_ligand -5.402514 100 8 6 36 760000 100 75 100
Experiment 2ya6_ligand -8.201813 100 9 6 36 760000 100 75 100
Experiment 2ya6_ligand -5.060150 100 0 6 36 1130000 100 75 150
Experiment 2ya6_ligand -7.173293 100 1 6 36 1130000 100 75 150
Experiment 2ya6_ligand -7.168199 100 2 6 36 1130000 100 75 150
Experiment 2ya6_ligand 1876.960938 100 3 6 36 1130000 100 75 150
Experiment 2ya6_ligand -5.614614 100 4 6 36 1130000 100 75 150
Experiment 2ya6_ligand -5.857224 100 5 6 36 1130000 100 75 150
Experiment 2ya6_ligand 3107.837891 100 6 6 36 1130000 100 75 150
Experiment 2ya6_ligand -5.898767 100 7 6 36 1130000 100 75 150
Experiment 2ya6_ligand -5.891494 100 8 6 36 1130000 100 75 150
Experiment 2ya6_ligand -7.175613 100 9 6 36 1130000 100 75 150
Experiment 2ya6_ligand -9.998024 100 0 6 36 1510000 100 75 200
Experiment 2ya6_ligand -7.167324 100 1 6 36 1510000 100 75 200
Experiment 2ya6_ligand -3.873953 100 2 6 36 1510000 100 75 200
Experiment 2ya6_ligand 1897.719604 100 3 6 36 1510000 100 75 200
Experiment 2ya6_ligand -2.628168 100 4 6 36 1510000 100 75 200
Experiment 2ya6_ligand -4.384463 100 5 6 36 1510000 100 75 200
Experiment 2ya6_ligand -3.546349 100 6 6 36 1510000 100 75 200
Experiment 2ya6_ligand -4.667593 100 7 6 36 1510000 100 75 200
Experiment 2ya6_ligand -6.431644 100 8 6 36 1510000 100 75 200
Experiment 2ya6_ligand -8.158314 100 9 6 36 1510000 100 75 200
Experiment 2ya6_ligand 948.961914 100 0 6 36 1880000 100 75 250
Experiment 2ya6_ligand -7.149973 100 1 6 36 1880000 100 75 250
Experiment 2ya6_ligand -4.095956 100 2 6 36 1880000 100 75 250
Experiment 2ya6_ligand 1025.822388 100 3 6 36 1880000 100 75 250
Experiment 2ya6_ligand -8.181343 100 4 6 36 1880000 100 75 250
Experiment 2ya6_ligand -3.832185 100 5 6 36 1880000 100 75 250
Experiment 2ya6_ligand -4.031840 100 6 6 36 1880000 100 75 250
Experiment 2ya6_ligand 7.421291 100 7 6 36 1880000 100 75 250
Experiment 2ya6_ligand -5.722633 100 8 6 36 1880000 100 75 250
Experiment 2ya6_ligand -8.241134 100 9 6 36 1880000 100 75 250
Experiment 2ya6_ligand -5.371305 100 0 6 36 2260000 100 75 300
Experiment 2ya6_ligand -6.300642 100 1 6 36 2260000 100 75 300
Experiment 2ya6_ligand -5.223552 100 2 6 36 2260000 100 75 300
Experiment 2ya6_ligand -4.066218 100 3 6 36 2260000 100 75 300
Experiment 2ya6_ligand -5.614753 100 4 6 36 2260000 100 75 300
Experiment 2ya6_ligand -5.168088 100 5 6 36 2260000 100 75 300
Experiment 2ya6_ligand -5.014610 100 6 6 36 2260000 100 75 300
Experiment 2ya6_ligand 7.593558 100 7 6 36 2260000 100 75 300
Experiment 2ya6_ligand -7.223029 100 8 6 36 2260000 100 75 300
Experiment 2ya6_ligand -8.303966 100 9 6 36 2260000 100 75 300
Experiment 2ya6_ligand -4.343261 100 0 6 36 380000 100 75 50
Experiment 2ya6_ligand -3.984578 100 1 6 36 380000 100 75 50
Experiment 2ya6_ligand 528.778381 100 2 6 36 380000 100 75 50
Experiment 2ya6_ligand 2052.199219 100 3 6 36 380000 100 75 50
Experiment 2ya6_ligand -2.717057 100 4 6 36 380000 100 75 50
Experiment 2ya6_ligand -4.320778 100 5 6 36 380000 100 75 50
Experiment 2ya6_ligand 3850.824219 100 6 6 36 380000 100 75 50
Experiment 2ya6_ligand -5.675528 100 7 6 36 380000 100 75 50
Experiment 2ya6_ligand -2.662287 100 8 6 36 380000 100 75 50
Experiment 2ya6_ligand 2.515449 100 9 6 36 380000 100 75 50
