Experiment 1hii_ligand 7154.765137 100 0 19 93 10000 100 0 100
Experiment 1hii_ligand -1.216832 100 1 19 93 10000 100 0 100
Experiment 1hii_ligand 21.258297 100 2 19 93 10000 100 0 100
Experiment 1hii_ligand 2991.249512 100 3 19 93 10000 100 0 100
Experiment 1hii_ligand 615.936096 100 4 19 93 10000 100 0 100
Experiment 1hii_ligand 506.494446 100 5 19 93 10000 100 0 100
Experiment 1hii_ligand 1453.461304 100 6 19 93 10000 100 0 100
Experiment 1hii_ligand 1940.538574 100 7 19 93 10000 100 0 100
Experiment 1hii_ligand 540.263306 100 8 19 93 10000 100 0 100
Experiment 1hii_ligand 494.252472 100 9 19 93 10000 100 0 100
Experiment 1hii_ligand 7154.765137 100 0 19 93 10000 100 0 150
Experiment 1hii_ligand -1.216832 100 1 19 93 10000 100 0 150
Experiment 1hii_ligand 21.258297 100 2 19 93 10000 100 0 150
Experiment 1hii_ligand 2991.249512 100 3 19 93 10000 100 0 150
Experiment 1hii_ligand 615.936096 100 4 19 93 10000 100 0 150
Experiment 1hii_ligand 506.494446 100 5 19 93 10000 100 0 150
Experiment 1hii_ligand 1453.461304 100 6 19 93 10000 100 0 150
Experiment 1hii_ligand 1940.538574 100 7 19 93 10000 100 0 150
Experiment 1hii_ligand 540.263306 100 8 19 93 10000 100 0 150
Experiment 1hii_ligand 494.252472 100 9 19 93 10000 100 0 150
Experiment 1hii_ligand 7154.765137 100 0 19 93 10000 100 0 200
Experiment 1hii_ligand -1.216832 100 1 19 93 10000 100 0 200
Experiment 1hii_ligand 21.258297 100 2 19 93 10000 100 0 200
Experiment 1hii_ligand 2991.249512 100 3 19 93 10000 100 0 200
Experiment 1hii_ligand 615.936096 100 4 19 93 10000 100 0 200
Experiment 1hii_ligand 506.494446 100 5 19 93 10000 100 0 200
Experiment 1hii_ligand 1453.461304 100 6 19 93 10000 100 0 200
Experiment 1hii_ligand 1940.538574 100 7 19 93 10000 100 0 200
Experiment 1hii_ligand 540.263306 100 8 19 93 10000 100 0 200
Experiment 1hii_ligand 494.252472 100 9 19 93 10000 100 0 200
Experiment 1hii_ligand 7154.765137 100 0 19 93 10000 100 0 250
Experiment 1hii_ligand -1.216832 100 1 19 93 10000 100 0 250
Experiment 1hii_ligand 21.258297 100 2 19 93 10000 100 0 250
Experiment 1hii_ligand 2991.249512 100 3 19 93 10000 100 0 250
Experiment 1hii_ligand 615.936096 100 4 19 93 10000 100 0 250
Experiment 1hii_ligand 506.494446 100 5 19 93 10000 100 0 250
Experiment 1hii_ligand 1453.461304 100 6 19 93 10000 100 0 250
Experiment 1hii_ligand 1940.538574 100 7 19 93 10000 100 0 250
Experiment 1hii_ligand 540.263306 100 8 19 93 10000 100 0 250
Experiment 1hii_ligand 494.252472 100 9 19 93 10000 100 0 250
Experiment 1hii_ligand 7154.765137 100 0 19 93 10000 100 0 300
Experiment 1hii_ligand -1.216832 100 1 19 93 10000 100 0 300
Experiment 1hii_ligand 21.258297 100 2 19 93 10000 100 0 300
Experiment 1hii_ligand 2991.249512 100 3 19 93 10000 100 0 300
Experiment 1hii_ligand 615.936096 100 4 19 93 10000 100 0 300
Experiment 1hii_ligand 506.494446 100 5 19 93 10000 100 0 300
Experiment 1hii_ligand 1453.461304 100 6 19 93 10000 100 0 300
Experiment 1hii_ligand 1940.538574 100 7 19 93 10000 100 0 300
Experiment 1hii_ligand 540.263306 100 8 19 93 10000 100 0 300
Experiment 1hii_ligand 494.252472 100 9 19 93 10000 100 0 300
Experiment 1hii_ligand 7154.765137 100 0 19 93 10000 100 0 50
Experiment 1hii_ligand -1.216832 100 1 19 93 10000 100 0 50
Experiment 1hii_ligand 21.258297 100 2 19 93 10000 100 0 50
Experiment 1hii_ligand 2991.249512 100 3 19 93 10000 100 0 50
Experiment 1hii_ligand 615.936096 100 4 19 93 10000 100 0 50
Experiment 1hii_ligand 506.494446 100 5 19 93 10000 100 0 50
Experiment 1hii_ligand 1453.461304 100 6 19 93 10000 100 0 50
Experiment 1hii_ligand 1940.538574 100 7 19 93 10000 100 0 50
Experiment 1hii_ligand 540.263306 100 8 19 93 10000 100 0 50
Experiment 1hii_ligand 494.252472 100 9 19 93 10000 100 0 50
Experiment 1hii_ligand -1.454860 100 0 19 93 1010000 100 100 100
Experiment 1hii_ligand -5.794478 100 1 19 93 1010000 100 100 100
Experiment 1hii_ligand 236.217896 100 2 19 93 1010000 100 100 100
Experiment 1hii_ligand -10.797070 100 3 19 93 1010000 100 100 100
Experiment 1hii_ligand 501.149536 100 4 19 93 1010000 100 100 100
Experiment 1hii_ligand -2.466878 100 5 19 93 1010000 100 100 100
Experiment 1hii_ligand 3414.663330 100 6 19 93 1010000 100 100 100
Experiment 1hii_ligand -2.807637 100 7 19 93 1010000 100 100 100
Experiment 1hii_ligand -2.570684 100 8 19 93 1010000 100 100 100
Experiment 1hii_ligand -1.331436 100 9 19 93 1010000 100 100 100
Experiment 1hii_ligand -2.676165 100 0 19 93 1510000 100 100 150
Experiment 1hii_ligand -3.300557 100 1 19 93 1510000 100 100 150
Experiment 1hii_ligand -4.541331 100 2 19 93 1510000 100 100 150
Experiment 1hii_ligand -9.763034 100 3 19 93 1510000 100 100 150
Experiment 1hii_ligand -3.827840 100 4 19 93 1510000 100 100 150
Experiment 1hii_ligand 0.375587 100 5 19 93 1510000 100 100 150
Experiment 1hii_ligand 2488.366699 100 6 19 93 1510000 100 100 150
Experiment 1hii_ligand -1.026507 100 7 19 93 1510000 100 100 150
Experiment 1hii_ligand -1.146740 100 8 19 93 1510000 100 100 150
Experiment 1hii_ligand -2.698082 100 9 19 93 1510000 100 100 150
Experiment 1hii_ligand -2.692674 100 0 19 93 2010000 100 100 200
Experiment 1hii_ligand -3.861782 100 1 19 93 2010000 100 100 200
Experiment 1hii_ligand -5.039829 100 2 19 93 2010000 100 100 200
Experiment 1hii_ligand -11.163097 100 3 19 93 2010000 100 100 200
Experiment 1hii_ligand -5.149577 100 4 19 93 2010000 100 100 200
Experiment 1hii_ligand -2.714362 100 5 19 93 2010000 100 100 200
Experiment 1hii_ligand 5.589531 100 6 19 93 2010000 100 100 200
Experiment 1hii_ligand -3.408755 100 7 19 93 2010000 100 100 200
Experiment 1hii_ligand -2.378226 100 8 19 93 2010000 100 100 200
Experiment 1hii_ligand -3.636928 100 9 19 93 2010000 100 100 200
Experiment 1hii_ligand -1.202330 100 0 19 93 2510000 100 100 250
Experiment 1hii_ligand -3.929626 100 1 19 93 2510000 100 100 250
Experiment 1hii_ligand -5.132459 100 2 19 93 2510000 100 100 250
Experiment 1hii_ligand -11.215480 100 3 19 93 2510000 100 100 250
Experiment 1hii_ligand -3.491829 100 4 19 93 2510000 100 100 250
Experiment 1hii_ligand -2.426699 100 5 19 93 2510000 100 100 250
Experiment 1hii_ligand 2346.120850 100 6 19 93 2510000 100 100 250
Experiment 1hii_ligand -1.799259 100 7 19 93 2510000 100 100 250
Experiment 1hii_ligand -0.996726 100 8 19 93 2510000 100 100 250
Experiment 1hii_ligand -2.524995 100 9 19 93 2510000 100 100 250
Experiment 1hii_ligand -3.623458 100 0 19 93 3010000 100 100 300
Experiment 1hii_ligand -3.856295 100 1 19 93 3010000 100 100 300
Experiment 1hii_ligand -0.835805 100 2 19 93 3010000 100 100 300
Experiment 1hii_ligand -11.150676 100 3 19 93 3010000 100 100 300
Experiment 1hii_ligand -2.627380 100 4 19 93 3010000 100 100 300
Experiment 1hii_ligand -1.326934 100 5 19 93 3010000 100 100 300
Experiment 1hii_ligand -1.568185 100 6 19 93 3010000 100 100 300
Experiment 1hii_ligand -1.825785 100 7 19 93 3010000 100 100 300
Experiment 1hii_ligand -3.697717 100 8 19 93 3010000 100 100 300
Experiment 1hii_ligand -4.175130 100 9 19 93 3010000 100 100 300
Experiment 1hii_ligand -0.423935 100 0 19 93 510000 100 100 50
Experiment 1hii_ligand -2.996758 100 1 19 93 510000 100 100 50
Experiment 1hii_ligand 0.413666 100 2 19 93 510000 100 100 50
Experiment 1hii_ligand 160.019012 100 3 19 93 510000 100 100 50
Experiment 1hii_ligand 458.796844 100 4 19 93 510000 100 100 50
Experiment 1hii_ligand -1.887745 100 5 19 93 510000 100 100 50
Experiment 1hii_ligand -0.367225 100 6 19 93 510000 100 100 50
Experiment 1hii_ligand 60.258232 100 7 19 93 510000 100 100 50
Experiment 1hii_ligand 23.843624 100 8 19 93 510000 100 100 50
Experiment 1hii_ligand -4.059293 100 9 19 93 510000 100 100 50
Experiment 1hii_ligand -2.296467 100 0 19 93 260000 100 25 100
Experiment 1hii_ligand -4.143900 100 1 19 93 260000 100 25 100
Experiment 1hii_ligand 4336.880371 100 2 19 93 260000 100 25 100
Experiment 1hii_ligand 16264.375000 100 3 19 93 260000 100 25 100
Experiment 1hii_ligand 113.484192 100 4 19 93 260000 100 25 100
Experiment 1hii_ligand -0.683081 100 5 19 93 260000 100 25 100
Experiment 1hii_ligand -1.837990 100 6 19 93 260000 100 25 100
Experiment 1hii_ligand 381.998627 100 7 19 93 260000 100 25 100
Experiment 1hii_ligand -1.863940 100 8 19 93 260000 100 25 100
Experiment 1hii_ligand 1.225140 100 9 19 93 260000 100 25 100
Experiment 1hii_ligand -1.163867 100 0 19 93 380000 100 25 150
Experiment 1hii_ligand -3.757797 100 1 19 93 380000 100 25 150
Experiment 1hii_ligand -1.487196 100 2 19 93 380000 100 25 150
Experiment 1hii_ligand 2417.604248 100 3 19 93 380000 100 25 150
Experiment 1hii_ligand 0.388066 100 4 19 93 380000 100 25 150
Experiment 1hii_ligand -2.985930 100 5 19 93 380000 100 25 150
Experiment 1hii_ligand -1.588536 100 6 19 93 380000 100 25 150
Experiment 1hii_ligand 2458.919434 100 7 19 93 380000 100 25 150
Experiment 1hii_ligand -2.638058 100 8 19 93 380000 100 25 150
Experiment 1hii_ligand 10507.233398 100 9 19 93 380000 100 25 150
Experiment 1hii_ligand -0.038428 100 0 19 93 510000 100 25 200
Experiment 1hii_ligand -4.168074 100 1 19 93 510000 100 25 200
Experiment 1hii_ligand -1.374208 100 2 19 93 510000 100 25 200
Experiment 1hii_ligand 1655.690552 100 3 19 93 510000 100 25 200
Experiment 1hii_ligand 124.791336 100 4 19 93 510000 100 25 200
Experiment 1hii_ligand 41678.609375 100 5 19 93 510000 100 25 200
Experiment 1hii_ligand 1.009173 100 6 19 93 510000 100 25 200
Experiment 1hii_ligand 460.227783 100 7 19 93 510000 100 25 200
Experiment 1hii_ligand -0.499772 100 8 19 93 510000 100 25 200
Experiment 1hii_ligand 2591.402100 100 9 19 93 510000 100 25 200
Experiment 1hii_ligand -1.501398 100 0 19 93 630000 100 25 250
Experiment 1hii_ligand -3.930271 100 1 19 93 630000 100 25 250
Experiment 1hii_ligand 976.461792 100 2 19 93 630000 100 25 250
Experiment 1hii_ligand 1663.063354 100 3 19 93 630000 100 25 250
Experiment 1hii_ligand 0.175666 100 4 19 93 630000 100 25 250
Experiment 1hii_ligand 0.375645 100 5 19 93 630000 100 25 250
Experiment 1hii_ligand -2.003448 100 6 19 93 630000 100 25 250
Experiment 1hii_ligand 2706.106445 100 7 19 93 630000 100 25 250
Experiment 1hii_ligand -0.858118 100 8 19 93 630000 100 25 250
Experiment 1hii_ligand 1679.029419 100 9 19 93 630000 100 25 250
Experiment 1hii_ligand -2.362614 100 0 19 93 760000 100 25 300
Experiment 1hii_ligand -3.859156 100 1 19 93 760000 100 25 300
Experiment 1hii_ligand -5.757765 100 2 19 93 760000 100 25 300
Experiment 1hii_ligand 1634.331543 100 3 19 93 760000 100 25 300
Experiment 1hii_ligand -0.138420 100 4 19 93 760000 100 25 300
Experiment 1hii_ligand 3.514944 100 5 19 93 760000 100 25 300
Experiment 1hii_ligand -1.142187 100 6 19 93 760000 100 25 300
Experiment 1hii_ligand 2697.491455 100 7 19 93 760000 100 25 300
Experiment 1hii_ligand -0.856851 100 8 19 93 760000 100 25 300
Experiment 1hii_ligand 5064.696289 100 9 19 93 760000 100 25 300
Experiment 1hii_ligand -1.386858 100 0 19 93 130000 100 25 50
Experiment 1hii_ligand -2.790652 100 1 19 93 130000 100 25 50
Experiment 1hii_ligand 4439.727539 100 2 19 93 130000 100 25 50
Experiment 1hii_ligand 1227.806519 100 3 19 93 130000 100 25 50
Experiment 1hii_ligand 60492.054688 100 4 19 93 130000 100 25 50
Experiment 1hii_ligand 2.429822 100 5 19 93 130000 100 25 50
Experiment 1hii_ligand -0.516082 100 6 19 93 130000 100 25 50
Experiment 1hii_ligand 64.342148 100 7 19 93 130000 100 25 50
Experiment 1hii_ligand -0.397763 100 8 19 93 130000 100 25 50
Experiment 1hii_ligand 497.051483 100 9 19 93 130000 100 25 50
Experiment 1hii_ligand -0.679865 100 0 19 93 510000 100 50 100
Experiment 1hii_ligand -3.929917 100 1 19 93 510000 100 50 100
Experiment 1hii_ligand 813.743958 100 2 19 93 510000 100 50 100
Experiment 1hii_ligand 297.668793 100 3 19 93 510000 100 50 100
Experiment 1hii_ligand 2039.560181 100 4 19 93 510000 100 50 100
Experiment 1hii_ligand 160.201630 100 5 19 93 510000 100 50 100
Experiment 1hii_ligand 6.351620 100 6 19 93 510000 100 50 100
Experiment 1hii_ligand 2776.612305 100 7 19 93 510000 100 50 100
Experiment 1hii_ligand -0.885640 100 8 19 93 510000 100 50 100
Experiment 1hii_ligand -4.808879 100 9 19 93 510000 100 50 100
Experiment 1hii_ligand -1.974300 100 0 19 93 760000 100 50 150
Experiment 1hii_ligand -3.861562 100 1 19 93 760000 100 50 150
Experiment 1hii_ligand -2.304612 100 2 19 93 760000 100 50 150
Experiment 1hii_ligand -0.707865 100 3 19 93 760000 100 50 150
Experiment 1hii_ligand -1.967337 100 4 19 93 760000 100 50 150
Experiment 1hii_ligand 1.673419 100 5 19 93 760000 100 50 150
Experiment 1hii_ligand -0.759618 100 6 19 93 760000 100 50 150
Experiment 1hii_ligand 2691.936523 100 7 19 93 760000 100 50 150
Experiment 1hii_ligand -1.176021 100 8 19 93 760000 100 50 150
Experiment 1hii_ligand -1.562578 100 9 19 93 760000 100 50 150
Experiment 1hii_ligand -0.812624 100 0 19 93 1010000 100 50 200
Experiment 1hii_ligand -3.929435 100 1 19 93 1010000 100 50 200
Experiment 1hii_ligand 913.337036 100 2 19 93 1010000 100 50 200
Experiment 1hii_ligand 1052.118774 100 3 19 93 1010000 100 50 200
Experiment 1hii_ligand -5.951452 100 4 19 93 1010000 100 50 200
Experiment 1hii_ligand -1.935829 100 5 19 93 1010000 100 50 200
Experiment 1hii_ligand -0.679054 100 6 19 93 1010000 100 50 200
Experiment 1hii_ligand 2597.200439 100 7 19 93 1010000 100 50 200
Experiment 1hii_ligand -2.670094 100 8 19 93 1010000 100 50 200
Experiment 1hii_ligand -3.490350 100 9 19 93 1010000 100 50 200
Experiment 1hii_ligand 0.369940 100 0 19 93 1260000 100 50 250
Experiment 1hii_ligand -4.250896 100 1 19 93 1260000 100 50 250
Experiment 1hii_ligand 11.366211 100 2 19 93 1260000 100 50 250
Experiment 1hii_ligand -1.728250 100 3 19 93 1260000 100 50 250
Experiment 1hii_ligand -9.571060 100 4 19 93 1260000 100 50 250
Experiment 1hii_ligand -2.187263 100 5 19 93 1260000 100 50 250
Experiment 1hii_ligand -2.939544 100 6 19 93 1260000 100 50 250
Experiment 1hii_ligand -2.360548 100 7 19 93 1260000 100 50 250
Experiment 1hii_ligand -1.303418 100 8 19 93 1260000 100 50 250
Experiment 1hii_ligand 7.778831 100 9 19 93 1260000 100 50 250
Experiment 1hii_ligand -3.045779 100 0 19 93 1510000 100 50 300
Experiment 1hii_ligand -3.921008 100 1 19 93 1510000 100 50 300
Experiment 1hii_ligand -0.721689 100 2 19 93 1510000 100 50 300
Experiment 1hii_ligand -2.440755 100 3 19 93 1510000 100 50 300
Experiment 1hii_ligand -9.308188 100 4 19 93 1510000 100 50 300
Experiment 1hii_ligand -2.986741 100 5 19 93 1510000 100 50 300
Experiment 1hii_ligand -3.434605 100 6 19 93 1510000 100 50 300
Experiment 1hii_ligand -1.552578 100 7 19 93 1510000 100 50 300
Experiment 1hii_ligand -1.013998 100 8 19 93 1510000 100 50 300
Experiment 1hii_ligand -2.139549 100 9 19 93 1510000 100 50 300
Experiment 1hii_ligand -1.019515 100 0 19 93 260000 100 50 50
Experiment 1hii_ligand -2.788757 100 1 19 93 260000 100 50 50
Experiment 1hii_ligand 4399.955078 100 2 19 93 260000 100 50 50
Experiment 1hii_ligand 706.976257 100 3 19 93 260000 100 50 50
Experiment 1hii_ligand -0.760492 100 4 19 93 260000 100 50 50
Experiment 1hii_ligand 5482.964844 100 5 19 93 260000 100 50 50
Experiment 1hii_ligand -0.341853 100 6 19 93 260000 100 50 50
Experiment 1hii_ligand 0.608020 100 7 19 93 260000 100 50 50
Experiment 1hii_ligand -1.289112 100 8 19 93 260000 100 50 50
Experiment 1hii_ligand 18.143734 100 9 19 93 260000 100 50 50
Experiment 1hii_ligand -0.596213 100 0 19 93 760000 100 75 100
Experiment 1hii_ligand -3.333867 100 1 19 93 760000 100 75 100
Experiment 1hii_ligand 4241.317871 100 2 19 93 760000 100 75 100
Experiment 1hii_ligand 1417.775513 100 3 19 93 760000 100 75 100
Experiment 1hii_ligand -10.370568 100 4 19 93 760000 100 75 100
Experiment 1hii_ligand 153.619049 100 5 19 93 760000 100 75 100
Experiment 1hii_ligand -3.569710 100 6 19 93 760000 100 75 100
Experiment 1hii_ligand -2.674338 100 7 19 93 760000 100 75 100
Experiment 1hii_ligand -0.936765 100 8 19 93 760000 100 75 100
Experiment 1hii_ligand -2.432044 100 9 19 93 760000 100 75 100
Experiment 1hii_ligand -1.519658 100 0 19 93 1130000 100 75 150
Experiment 1hii_ligand -3.954226 100 1 19 93 1130000 100 75 150
Experiment 1hii_ligand -4.562169 100 2 19 93 1130000 100 75 150
Experiment 1hii_ligand 1086.337280 100 3 19 93 1130000 100 75 150
Experiment 1hii_ligand 545.137329 100 4 19 93 1130000 100 75 150
Experiment 1hii_ligand 0.108691 100 5 19 93 1130000 100 75 150
Experiment 1hii_ligand 1.877923 100 6 19 93 1130000 100 75 150
Experiment 1hii_ligand -2.452126 100 7 19 93 1130000 100 75 150
Experiment 1hii_ligand -1.162552 100 8 19 93 1130000 100 75 150
Experiment 1hii_ligand 6.455277 100 9 19 93 1130000 100 75 150
Experiment 1hii_ligand 1.400110 100 0 19 93 1510000 100 75 200
Experiment 1hii_ligand -4.829337 100 1 19 93 1510000 100 75 200
Experiment 1hii_ligand -1.456328 100 2 19 93 1510000 100 75 200
Experiment 1hii_ligand 1054.707886 100 3 19 93 1510000 100 75 200
Experiment 1hii_ligand -2.048023 100 4 19 93 1510000 100 75 200
Experiment 1hii_ligand -3.866389 100 5 19 93 1510000 100 75 200
Experiment 1hii_ligand 4.456729 100 6 19 93 1510000 100 75 200
Experiment 1hii_ligand -3.265630 100 7 19 93 1510000 100 75 200
Experiment 1hii_ligand -1.440073 100 8 19 93 1510000 100 75 200
Experiment 1hii_ligand -3.121402 100 9 19 93 1510000 100 75 200
Experiment 1hii_ligand -4.256616 100 0 19 93 1880000 100 75 250
Experiment 1hii_ligand -3.917257 100 1 19 93 1880000 100 75 250
Experiment 1hii_ligand -0.555772 100 2 19 93 1880000 100 75 250
Experiment 1hii_ligand -1.247085 100 3 19 93 1880000 100 75 250
Experiment 1hii_ligand -3.308249 100 4 19 93 1880000 100 75 250
Experiment 1hii_ligand -0.693590 100 5 19 93 1880000 100 75 250
Experiment 1hii_ligand 25.586159 100 6 19 93 1880000 100 75 250
Experiment 1hii_ligand -4.802641 100 7 19 93 1880000 100 75 250
Experiment 1hii_ligand -1.160509 100 8 19 93 1880000 100 75 250
Experiment 1hii_ligand -2.332946 100 9 19 93 1880000 100 75 250
Experiment 1hii_ligand -2.475065 100 0 19 93 2260000 100 75 300
Experiment 1hii_ligand -3.936487 100 1 19 93 2260000 100 75 300
Experiment 1hii_ligand -0.054155 100 2 19 93 2260000 100 75 300
Experiment 1hii_ligand -3.355567 100 3 19 93 2260000 100 75 300
Experiment 1hii_ligand -2.670062 100 4 19 93 2260000 100 75 300
Experiment 1hii_ligand 0.049322 100 5 19 93 2260000 100 75 300
Experiment 1hii_ligand -2.309097 100 6 19 93 2260000 100 75 300
Experiment 1hii_ligand -3.535636 100 7 19 93 2260000 100 75 300
Experiment 1hii_ligand -1.000092 100 8 19 93 2260000 100 75 300
Experiment 1hii_ligand -3.245210 100 9 19 93 2260000 100 75 300
Experiment 1hii_ligand -2.069735 100 0 19 93 380000 100 75 50
Experiment 1hii_ligand -3.040340 100 1 19 93 380000 100 75 50
Experiment 1hii_ligand 4336.876953 100 2 19 93 380000 100 75 50
Experiment 1hii_ligand 1572.493774 100 3 19 93 380000 100 75 50
Experiment 1hii_ligand -2.183486 100 4 19 93 380000 100 75 50
Experiment 1hii_ligand 5070.097168 100 5 19 93 380000 100 75 50
Experiment 1hii_ligand -0.697972 100 6 19 93 380000 100 75 50
Experiment 1hii_ligand 28602.509766 100 7 19 93 380000 100 75 50
Experiment 1hii_ligand -0.206089 100 8 19 93 380000 100 75 50
Experiment 1hii_ligand -2.964002 100 9 19 93 380000 100 75 50
