Experiment 1fkb_ligand -7.100815 72 0 6 144 100000 100 0 100
Experiment 1fkb_ligand 3780.847900 60 1 6 144 100000 100 0 100
Experiment 1fkb_ligand -2.501782 84 2 6 144 100000 100 0 100
Experiment 1fkb_ligand -2.281629 77 3 6 144 100000 100 0 100
Experiment 1fkb_ligand -5.968946 64 4 6 144 100000 100 0 100
Experiment 1fkb_ligand 3467.697266 121 5 6 144 100000 100 0 100
Experiment 1fkb_ligand 6040.476074 233 6 6 144 100000 100 0 100
Experiment 1fkb_ligand 0.647888 87 7 6 144 100000 100 0 100
Experiment 1fkb_ligand 2838.639160 188 8 6 144 100000 100 0 100
Experiment 1fkb_ligand -3.540424 144 9 6 144 100000 100 0 100
Experiment 1fkb_ligand -7.100815 72 0 6 144 100000 100 0 150
Experiment 1fkb_ligand 3780.847900 60 1 6 144 100000 100 0 150
Experiment 1fkb_ligand -2.501782 84 2 6 144 100000 100 0 150
Experiment 1fkb_ligand -2.281629 77 3 6 144 100000 100 0 150
Experiment 1fkb_ligand -5.968946 64 4 6 144 100000 100 0 150
Experiment 1fkb_ligand 3467.697266 121 5 6 144 100000 100 0 150
Experiment 1fkb_ligand 6040.476074 233 6 6 144 100000 100 0 150
Experiment 1fkb_ligand 0.647888 87 7 6 144 100000 100 0 150
Experiment 1fkb_ligand 2838.639160 188 8 6 144 100000 100 0 150
Experiment 1fkb_ligand -3.540424 144 9 6 144 100000 100 0 150
Experiment 1fkb_ligand -7.100815 72 0 6 144 100000 100 0 200
Experiment 1fkb_ligand 3780.847900 60 1 6 144 100000 100 0 200
Experiment 1fkb_ligand -2.501782 84 2 6 144 100000 100 0 200
Experiment 1fkb_ligand -2.281629 77 3 6 144 100000 100 0 200
Experiment 1fkb_ligand -5.968946 64 4 6 144 100000 100 0 200
Experiment 1fkb_ligand 3467.697266 121 5 6 144 100000 100 0 200
Experiment 1fkb_ligand 6040.476074 233 6 6 144 100000 100 0 200
Experiment 1fkb_ligand 0.647888 87 7 6 144 100000 100 0 200
Experiment 1fkb_ligand 2838.639160 188 8 6 144 100000 100 0 200
Experiment 1fkb_ligand -3.540424 144 9 6 144 100000 100 0 200
Experiment 1fkb_ligand -7.100815 72 0 6 144 100000 100 0 250
Experiment 1fkb_ligand 3780.847900 60 1 6 144 100000 100 0 250
Experiment 1fkb_ligand -2.501782 84 2 6 144 100000 100 0 250
Experiment 1fkb_ligand -2.281629 77 3 6 144 100000 100 0 250
Experiment 1fkb_ligand -5.968946 64 4 6 144 100000 100 0 250
Experiment 1fkb_ligand 3467.697266 121 5 6 144 100000 100 0 250
Experiment 1fkb_ligand 6040.476074 233 6 6 144 100000 100 0 250
Experiment 1fkb_ligand 0.647888 87 7 6 144 100000 100 0 250
Experiment 1fkb_ligand 2838.639160 188 8 6 144 100000 100 0 250
Experiment 1fkb_ligand -3.540424 144 9 6 144 100000 100 0 250
Experiment 1fkb_ligand -7.100815 72 0 6 144 100000 100 0 300
Experiment 1fkb_ligand 3780.847900 60 1 6 144 100000 100 0 300
Experiment 1fkb_ligand -2.501782 84 2 6 144 100000 100 0 300
Experiment 1fkb_ligand -2.281629 77 3 6 144 100000 100 0 300
Experiment 1fkb_ligand -5.968946 64 4 6 144 100000 100 0 300
Experiment 1fkb_ligand 3467.697266 121 5 6 144 100000 100 0 300
Experiment 1fkb_ligand 6040.476074 233 6 6 144 100000 100 0 300
Experiment 1fkb_ligand 0.647888 87 7 6 144 100000 100 0 300
Experiment 1fkb_ligand 2838.639160 188 8 6 144 100000 100 0 300
Experiment 1fkb_ligand -3.540424 144 9 6 144 100000 100 0 300
Experiment 1fkb_ligand -7.100815 72 0 6 144 100000 100 0 50
Experiment 1fkb_ligand 3780.847900 60 1 6 144 100000 100 0 50
Experiment 1fkb_ligand -2.501782 84 2 6 144 100000 100 0 50
Experiment 1fkb_ligand -2.281629 77 3 6 144 100000 100 0 50
Experiment 1fkb_ligand -5.968946 64 4 6 144 100000 100 0 50
Experiment 1fkb_ligand 3467.697266 121 5 6 144 100000 100 0 50
Experiment 1fkb_ligand 6040.476074 233 6 6 144 100000 100 0 50
Experiment 1fkb_ligand 0.647888 87 7 6 144 100000 100 0 50
Experiment 1fkb_ligand 2838.639160 188 8 6 144 100000 100 0 50
Experiment 1fkb_ligand -3.540424 144 9 6 144 100000 100 0 50
Experiment 1fkb_ligand -15.243727 37 0 6 144 10100000 100 100 100
Experiment 1fkb_ligand -0.959583 27 1 6 144 10100000 100 100 100
Experiment 1fkb_ligand -4.238218 35 2 6 144 10100000 100 100 100
Experiment 1fkb_ligand 0.087312 35 3 6 144 10100000 100 100 100
Experiment 1fkb_ligand -4.453219 51 4 6 144 10100000 100 100 100
Experiment 1fkb_ligand 1094.974121 1000 5 6 144 10100000 100 100 100
Experiment 1fkb_ligand -5.430846 38 6 6 144 10100000 100 100 100
Experiment 1fkb_ligand -3.637291 31 7 6 144 10100000 100 100 100
Experiment 1fkb_ligand -5.904766 33 8 6 144 10100000 100 100 100
Experiment 1fkb_ligand -3.516487 37 9 6 144 10100000 100 100 100
Experiment 1fkb_ligand -16.228500 33 0 6 144 15100000 100 100 150
Experiment 1fkb_ligand -2.913520 55 1 6 144 15100000 100 100 150
Experiment 1fkb_ligand -6.053043 34 2 6 144 15100000 100 100 150
Experiment 1fkb_ligand -5.035410 41 3 6 144 15100000 100 100 150
Experiment 1fkb_ligand -6.287703 65 4 6 144 15100000 100 100 150
Experiment 1fkb_ligand 1043.984375 1000 5 6 144 15100000 100 100 150
Experiment 1fkb_ligand -5.646173 29 6 6 144 15100000 100 100 150
Experiment 1fkb_ligand -4.400125 27 7 6 144 15100000 100 100 150
Experiment 1fkb_ligand -7.129216 33 8 6 144 15100000 100 100 150
Experiment 1fkb_ligand -12.198551 1000 9 6 144 15100000 100 100 150
Experiment 1fkb_ligand -14.919486 28 0 6 144 20100000 100 100 200
Experiment 1fkb_ligand -2.518765 25 1 6 144 20100000 100 100 200
Experiment 1fkb_ligand -5.093531 31 2 6 144 20100000 100 100 200
Experiment 1fkb_ligand -5.722917 61 3 6 144 20100000 100 100 200
Experiment 1fkb_ligand -5.267354 47 4 6 144 20100000 100 100 200
Experiment 1fkb_ligand -3.039321 26 5 6 144 20100000 100 100 200
Experiment 1fkb_ligand -5.425474 33 6 6 144 20100000 100 100 200
Experiment 1fkb_ligand -2.388051 24 7 6 144 20100000 100 100 200
Experiment 1fkb_ligand -2.871345 31 8 6 144 20100000 100 100 200
Experiment 1fkb_ligand -12.689819 765 9 6 144 20100000 100 100 200
Experiment 1fkb_ligand -16.272205 53 0 6 144 25100000 100 100 250
Experiment 1fkb_ligand -5.463775 39 1 6 144 25100000 100 100 250
Experiment 1fkb_ligand -6.059060 29 2 6 144 25100000 100 100 250
Experiment 1fkb_ligand -5.236058 31 3 6 144 25100000 100 100 250
Experiment 1fkb_ligand -4.684862 47 4 6 144 25100000 100 100 250
Experiment 1fkb_ligand -3.051267 25 5 6 144 25100000 100 100 250
Experiment 1fkb_ligand -4.849508 29 6 6 144 25100000 100 100 250
Experiment 1fkb_ligand -3.616771 25 7 6 144 25100000 100 100 250
Experiment 1fkb_ligand -5.310796 31 8 6 144 25100000 100 100 250
Experiment 1fkb_ligand -12.657478 45 9 6 144 25100000 100 100 250
Experiment 1fkb_ligand -16.222483 32 0 6 144 30100000 100 100 300
Experiment 1fkb_ligand -4.495493 27 1 6 144 30100000 100 100 300
Experiment 1fkb_ligand -6.072877 27 2 6 144 30100000 100 100 300
Experiment 1fkb_ligand -2.882410 27 3 6 144 30100000 100 100 300
Experiment 1fkb_ligand -4.480010 30 4 6 144 30100000 100 100 300
Experiment 1fkb_ligand -3.098947 25 5 6 144 30100000 100 100 300
Experiment 1fkb_ligand -4.809917 28 6 6 144 30100000 100 100 300
Experiment 1fkb_ligand -4.248460 27 7 6 144 30100000 100 100 300
Experiment 1fkb_ligand -2.575431 36 8 6 144 30100000 100 100 300
Experiment 1fkb_ligand -16.640966 88 0 6 144 5100000 100 100 50
Experiment 1fkb_ligand -1.419464 33 1 6 144 5100000 100 100 50
Experiment 1fkb_ligand -4.570074 40 2 6 144 5100000 100 100 50
Experiment 1fkb_ligand -2.909875 111 3 6 144 5100000 100 100 50
Experiment 1fkb_ligand -2.665356 49 4 6 144 5100000 100 100 50
Experiment 1fkb_ligand 1342.902588 1000 5 6 144 5100000 100 100 50
Experiment 1fkb_ligand -4.847452 36 6 6 144 5100000 100 100 50
Experiment 1fkb_ligand -3.630049 35 7 6 144 5100000 100 100 50
Experiment 1fkb_ligand -7.139003 53 8 6 144 5100000 100 100 50
Experiment 1fkb_ligand -5.007517 43 9 6 144 5100000 100 100 50
Experiment 1fkb_ligand -15.633774 55 0 6 144 2600000 100 25 100
Experiment 1fkb_ligand -4.323267 31 1 6 144 2600000 100 25 100
Experiment 1fkb_ligand -5.982433 33 2 6 144 2600000 100 25 100
Experiment 1fkb_ligand 33304.703125 65 3 6 144 2600000 100 25 100
Experiment 1fkb_ligand -1.003956 74 4 6 144 2600000 100 25 100
Experiment 1fkb_ligand 5.634130 100 5 6 144 2600000 100 25 100
Experiment 1fkb_ligand -5.767464 158 6 6 144 2600000 100 25 100
Experiment 1fkb_ligand 2732.326172 67 7 6 144 2600000 100 25 100
Experiment 1fkb_ligand 1668.890747 95 8 6 144 2600000 100 25 100
Experiment 1fkb_ligand -4.872015 33 9 6 144 2600000 100 25 100
Experiment 1fkb_ligand -15.621070 47 0 6 144 3800000 100 25 150
Experiment 1fkb_ligand -5.395494 35 1 6 144 3800000 100 25 150
Experiment 1fkb_ligand -5.986962 33 2 6 144 3800000 100 25 150
Experiment 1fkb_ligand 32551.830078 63 3 6 144 3800000 100 25 150
Experiment 1fkb_ligand -3.795819 31 4 6 144 3800000 100 25 150
Experiment 1fkb_ligand -4.782446 63 5 6 144 3800000 100 25 150
Experiment 1fkb_ligand -3.047684 37 6 6 144 3800000 100 25 150
Experiment 1fkb_ligand -3.036469 68 7 6 144 3800000 100 25 150
Experiment 1fkb_ligand 1687.773193 51 8 6 144 3800000 100 25 150
Experiment 1fkb_ligand -8.248516 43 9 6 144 3800000 100 25 150
Experiment 1fkb_ligand -15.954236 47 0 6 144 5100000 100 25 200
Experiment 1fkb_ligand -5.058002 29 1 6 144 5100000 100 25 200
Experiment 1fkb_ligand -3.649230 36 2 6 144 5100000 100 25 200
Experiment 1fkb_ligand 32482.250000 90 3 6 144 5100000 100 25 200
Experiment 1fkb_ligand -5.052353 50 4 6 144 5100000 100 25 200
Experiment 1fkb_ligand -6.777539 53 5 6 144 5100000 100 25 200
Experiment 1fkb_ligand -3.485451 32 6 6 144 5100000 100 25 200
Experiment 1fkb_ligand -0.388904 65 7 6 144 5100000 100 25 200
Experiment 1fkb_ligand -1.861769 76 8 6 144 5100000 100 25 200
Experiment 1fkb_ligand -7.898535 31 9 6 144 5100000 100 25 200
Experiment 1fkb_ligand -15.965065 47 0 6 144 6300000 100 25 250
Experiment 1fkb_ligand -5.387304 31 1 6 144 6300000 100 25 250
Experiment 1fkb_ligand -4.461529 35 2 6 144 6300000 100 25 250
Experiment 1fkb_ligand 32496.787109 100 3 6 144 6300000 100 25 250
Experiment 1fkb_ligand -7.221028 33 4 6 144 6300000 100 25 250
Experiment 1fkb_ligand -5.682561 59 5 6 144 6300000 100 25 250
Experiment 1fkb_ligand -4.433632 33 6 6 144 6300000 100 25 250
Experiment 1fkb_ligand -2.215705 36 7 6 144 6300000 100 25 250
Experiment 1fkb_ligand -1.891799 103 8 6 144 6300000 100 25 250
Experiment 1fkb_ligand -5.102106 34 9 6 144 6300000 100 25 250
Experiment 1fkb_ligand -17.575199 51 0 6 144 7600000 100 25 300
Experiment 1fkb_ligand -5.270079 31 1 6 144 7600000 100 25 300
Experiment 1fkb_ligand -4.462092 31 2 6 144 7600000 100 25 300
Experiment 1fkb_ligand 32807.648438 149 3 6 144 7600000 100 25 300
Experiment 1fkb_ligand -7.586291 32 4 6 144 7600000 100 25 300
Experiment 1fkb_ligand -5.996395 31 5 6 144 7600000 100 25 300
Experiment 1fkb_ligand -3.178926 29 6 6 144 7600000 100 25 300
Experiment 1fkb_ligand -2.782266 39 7 6 144 7600000 100 25 300
Experiment 1fkb_ligand -2.996850 34 8 6 144 7600000 100 25 300
Experiment 1fkb_ligand -5.332594 29 9 6 144 7600000 100 25 300
Experiment 1fkb_ligand -5.198983 65 0 6 144 1300000 100 25 50
Experiment 1fkb_ligand -3.110265 42 1 6 144 1300000 100 25 50
Experiment 1fkb_ligand -4.410595 56 2 6 144 1300000 100 25 50
Experiment 1fkb_ligand 33657.585938 105 3 6 144 1300000 100 25 50
Experiment 1fkb_ligand -0.808515 68 4 6 144 1300000 100 25 50
Experiment 1fkb_ligand -0.710304 93 5 6 144 1300000 100 25 50
Experiment 1fkb_ligand 56.592381 101 6 6 144 1300000 100 25 50
Experiment 1fkb_ligand -1.931783 51 7 6 144 1300000 100 25 50
Experiment 1fkb_ligand -4.591886 111 8 6 144 1300000 100 25 50
Experiment 1fkb_ligand -3.822653 81 9 6 144 1300000 100 25 50
Experiment 1fkb_ligand -16.272192 46 0 6 144 5100000 100 50 100
Experiment 1fkb_ligand -2.493766 27 1 6 144 5100000 100 50 100
Experiment 1fkb_ligand -6.051685 36 2 6 144 5100000 100 50 100
Experiment 1fkb_ligand 0.518990 71 3 6 144 5100000 100 50 100
Experiment 1fkb_ligand -6.580146 81 4 6 144 5100000 100 50 100
Experiment 1fkb_ligand -3.597977 57 5 6 144 5100000 100 50 100
Experiment 1fkb_ligand -4.614908 32 6 6 144 5100000 100 50 100
Experiment 1fkb_ligand 13.636103 32 7 6 144 5100000 100 50 100
Experiment 1fkb_ligand 1646.323486 65 8 6 144 5100000 100 50 100
Experiment 1fkb_ligand -4.273922 31 9 6 144 5100000 100 50 100
Experiment 1fkb_ligand -16.330074 45 0 6 144 7600000 100 50 150
Experiment 1fkb_ligand -2.345996 31 1 6 144 7600000 100 50 150
Experiment 1fkb_ligand -6.407317 33 2 6 144 7600000 100 50 150
Experiment 1fkb_ligand -2.903739 40 3 6 144 7600000 100 50 150
Experiment 1fkb_ligand -6.559990 67 4 6 144 7600000 100 50 150
Experiment 1fkb_ligand -0.991360 47 5 6 144 7600000 100 50 150
Experiment 1fkb_ligand -4.610340 32 6 6 144 7600000 100 50 150
Experiment 1fkb_ligand 13.594103 27 7 6 144 7600000 100 50 150
Experiment 1fkb_ligand -2.305755 69 8 6 144 7600000 100 50 150
Experiment 1fkb_ligand -5.440696 31 9 6 144 7600000 100 50 150
Experiment 1fkb_ligand -16.340200 51 0 6 144 10100000 100 50 200
Experiment 1fkb_ligand -1.481820 28 1 6 144 10100000 100 50 200
Experiment 1fkb_ligand -4.236497 33 2 6 144 10100000 100 50 200
Experiment 1fkb_ligand 5.332681 53 3 6 144 10100000 100 50 200
Experiment 1fkb_ligand -4.577879 51 4 6 144 10100000 100 50 200
Experiment 1fkb_ligand -7.121966 48 5 6 144 10100000 100 50 200
Experiment 1fkb_ligand -5.466257 40 6 6 144 10100000 100 50 200
Experiment 1fkb_ligand -3.239749 29 7 6 144 10100000 100 50 200
Experiment 1fkb_ligand -1.605509 39 8 6 144 10100000 100 50 200
Experiment 1fkb_ligand -5.757089 45 9 6 144 10100000 100 50 200
Experiment 1fkb_ligand -16.329027 33 0 6 144 12600000 100 50 250
Experiment 1fkb_ligand -4.422103 32 1 6 144 12600000 100 50 250
Experiment 1fkb_ligand -3.237715 29 2 6 144 12600000 100 50 250
Experiment 1fkb_ligand -2.910189 37 3 6 144 12600000 100 50 250
Experiment 1fkb_ligand -6.222054 61 4 6 144 12600000 100 50 250
Experiment 1fkb_ligand -3.839304 31 5 6 144 12600000 100 50 250
Experiment 1fkb_ligand -4.661288 26 6 6 144 12600000 100 50 250
Experiment 1fkb_ligand 13.458744 29 7 6 144 12600000 100 50 250
Experiment 1fkb_ligand -2.621808 74 8 6 144 12600000 100 50 250
Experiment 1fkb_ligand -4.746864 27 9 6 144 12600000 100 50 250
Experiment 1fkb_ligand -16.313526 31 0 6 144 15100000 100 50 300
Experiment 1fkb_ligand -3.958388 25 1 6 144 15100000 100 50 300
Experiment 1fkb_ligand -6.097481 27 2 6 144 15100000 100 50 300
Experiment 1fkb_ligand 66.135590 33 3 6 144 15100000 100 50 300
Experiment 1fkb_ligand -6.415035 53 4 6 144 15100000 100 50 300
Experiment 1fkb_ligand -4.049395 29 5 6 144 15100000 100 50 300
Experiment 1fkb_ligand -4.734690 23 6 6 144 15100000 100 50 300
Experiment 1fkb_ligand 14.719015 28 7 6 144 15100000 100 50 300
Experiment 1fkb_ligand -0.526972 26 8 6 144 15100000 100 50 300
Experiment 1fkb_ligand -8.755582 29 9 6 144 15100000 100 50 300
Experiment 1fkb_ligand -16.350101 55 0 6 144 2600000 100 50 50
Experiment 1fkb_ligand -2.248856 38 1 6 144 2600000 100 50 50
Experiment 1fkb_ligand -6.365001 46 2 6 144 2600000 100 50 50
Experiment 1fkb_ligand 4.954156 99 3 6 144 2600000 100 50 50
Experiment 1fkb_ligand -5.983590 52 4 6 144 2600000 100 50 50
Experiment 1fkb_ligand -1.624335 78 5 6 144 2600000 100 50 50
Experiment 1fkb_ligand -4.610782 35 6 6 144 2600000 100 50 50
Experiment 1fkb_ligand 1672.529785 97 7 6 144 2600000 100 50 50
Experiment 1fkb_ligand 1646.082153 153 8 6 144 2600000 100 50 50
Experiment 1fkb_ligand -4.648113 40 9 6 144 2600000 100 50 50
Experiment 1fkb_ligand -15.958040 61 0 6 144 7600000 100 75 100
Experiment 1fkb_ligand -2.590131 28 1 6 144 7600000 100 75 100
Experiment 1fkb_ligand -6.099076 43 2 6 144 7600000 100 75 100
Experiment 1fkb_ligand -3.122514 37 3 6 144 7600000 100 75 100
Experiment 1fkb_ligand -5.262110 49 4 6 144 7600000 100 75 100
Experiment 1fkb_ligand 1615.816406 160 5 6 144 7600000 100 75 100
Experiment 1fkb_ligand -4.416056 27 6 6 144 7600000 100 75 100
Experiment 1fkb_ligand 13.773090 27 7 6 144 7600000 100 75 100
Experiment 1fkb_ligand -1.978123 180 8 6 144 7600000 100 75 100
Experiment 1fkb_ligand -12.217508 50 9 6 144 7600000 100 75 100
Experiment 1fkb_ligand -15.956076 49 0 6 144 11300000 100 75 150
Experiment 1fkb_ligand -2.345607 29 1 6 144 11300000 100 75 150
Experiment 1fkb_ligand -6.088905 35 2 6 144 11300000 100 75 150
Experiment 1fkb_ligand -6.232780 118 3 6 144 11300000 100 75 150
Experiment 1fkb_ligand -5.658211 49 4 6 144 11300000 100 75 150
Experiment 1fkb_ligand 1632.926270 113 5 6 144 11300000 100 75 150
Experiment 1fkb_ligand -5.677028 45 6 6 144 11300000 100 75 150
Experiment 1fkb_ligand -4.471416 27 7 6 144 11300000 100 75 150
Experiment 1fkb_ligand -4.580381 83 8 6 144 11300000 100 75 150
Experiment 1fkb_ligand -12.221935 45 9 6 144 11300000 100 75 150
Experiment 1fkb_ligand -16.315430 51 0 6 144 15100000 100 75 200
Experiment 1fkb_ligand -2.423636 29 1 6 144 15100000 100 75 200
Experiment 1fkb_ligand -5.407080 29 2 6 144 15100000 100 75 200
Experiment 1fkb_ligand -5.704765 55 3 6 144 15100000 100 75 200
Experiment 1fkb_ligand -3.659942 49 4 6 144 15100000 100 75 200
Experiment 1fkb_ligand 1599.961060 149 5 6 144 15100000 100 75 200
Experiment 1fkb_ligand -5.450005 44 6 6 144 15100000 100 75 200
Experiment 1fkb_ligand -2.442832 25 7 6 144 15100000 100 75 200
Experiment 1fkb_ligand -4.589526 57 8 6 144 15100000 100 75 200
Experiment 1fkb_ligand -12.291278 47 9 6 144 15100000 100 75 200
Experiment 1fkb_ligand -15.946885 49 0 6 144 18800000 100 75 250
Experiment 1fkb_ligand -4.653547 37 1 6 144 18800000 100 75 250
Experiment 1fkb_ligand -5.099981 27 2 6 144 18800000 100 75 250
Experiment 1fkb_ligand -2.819902 33 3 6 144 18800000 100 75 250
Experiment 1fkb_ligand -6.542376 70 4 6 144 18800000 100 75 250
Experiment 1fkb_ligand 1614.454102 87 5 6 144 18800000 100 75 250
Experiment 1fkb_ligand -4.880858 30 6 6 144 18800000 100 75 250
Experiment 1fkb_ligand -3.685525 25 7 6 144 18800000 100 75 250
Experiment 1fkb_ligand -4.584459 57 8 6 144 18800000 100 75 250
Experiment 1fkb_ligand -12.719157 38 9 6 144 18800000 100 75 250
Experiment 1fkb_ligand -16.262295 45 0 6 144 22600000 100 75 300
Experiment 1fkb_ligand -3.944041 25 1 6 144 22600000 100 75 300
Experiment 1fkb_ligand -6.100279 29 2 6 144 22600000 100 75 300
Experiment 1fkb_ligand 65.247490 36 3 6 144 22600000 100 75 300
Experiment 1fkb_ligand -6.358968 47 4 6 144 22600000 100 75 300
Experiment 1fkb_ligand 1345.662354 105 5 6 144 22600000 100 75 300
Experiment 1fkb_ligand -4.837159 29 6 6 144 22600000 100 75 300
Experiment 1fkb_ligand -2.846746 25 7 6 144 22600000 100 75 300
Experiment 1fkb_ligand -2.298896 27 8 6 144 22600000 100 75 300
Experiment 1fkb_ligand -12.267887 33 9 6 144 22600000 100 75 300
Experiment 1fkb_ligand -14.895032 60 0 6 144 3800000 100 75 50
Experiment 1fkb_ligand 0.710586 33 1 6 144 3800000 100 75 50
Experiment 1fkb_ligand -4.720342 37 2 6 144 3800000 100 75 50
Experiment 1fkb_ligand -5.079555 75 3 6 144 3800000 100 75 50
Experiment 1fkb_ligand -5.021790 49 4 6 144 3800000 100 75 50
Experiment 1fkb_ligand 1635.955688 117 5 6 144 3800000 100 75 50
Experiment 1fkb_ligand -5.442928 59 6 6 144 3800000 100 75 50
Experiment 1fkb_ligand 13.693919 35 7 6 144 3800000 100 75 50
Experiment 1fkb_ligand 1664.008911 155 8 6 144 3800000 100 75 50
Experiment 1fkb_ligand -1.243982 35 9 6 144 3800000 100 75 50
