Experiment 5cst_ligand -0.927075 100 0 6 37 10000 100 0 100
Experiment 5cst_ligand -0.797924 100 1 6 37 10000 100 0 100
Experiment 5cst_ligand -1.769723 100 2 6 37 10000 100 0 100
Experiment 5cst_ligand 24.268074 100 3 6 37 10000 100 0 100
Experiment 5cst_ligand -1.067298 100 4 6 37 10000 100 0 100
Experiment 5cst_ligand -3.500292 48 5 6 37 10000 100 0 100
Experiment 5cst_ligand 18.159899 100 6 6 37 10000 100 0 100
Experiment 5cst_ligand -1.770256 100 7 6 37 10000 100 0 100
Experiment 5cst_ligand -2.585975 100 8 6 37 10000 100 0 100
Experiment 5cst_ligand -0.905355 100 9 6 37 10000 100 0 100
Experiment 5cst_ligand -0.927075 100 0 6 37 10000 100 0 150
Experiment 5cst_ligand -0.797924 100 1 6 37 10000 100 0 150
Experiment 5cst_ligand -1.769723 100 2 6 37 10000 100 0 150
Experiment 5cst_ligand 24.268074 100 3 6 37 10000 100 0 150
Experiment 5cst_ligand -1.067298 100 4 6 37 10000 100 0 150
Experiment 5cst_ligand -3.500292 48 5 6 37 10000 100 0 150
Experiment 5cst_ligand 18.159899 100 6 6 37 10000 100 0 150
Experiment 5cst_ligand -1.770256 100 7 6 37 10000 100 0 150
Experiment 5cst_ligand -2.585975 100 8 6 37 10000 100 0 150
Experiment 5cst_ligand -0.905355 100 9 6 37 10000 100 0 150
Experiment 5cst_ligand -0.927075 100 0 6 37 10000 100 0 200
Experiment 5cst_ligand -0.797924 100 1 6 37 10000 100 0 200
Experiment 5cst_ligand -1.769723 100 2 6 37 10000 100 0 200
Experiment 5cst_ligand 24.268074 100 3 6 37 10000 100 0 200
Experiment 5cst_ligand -1.067298 100 4 6 37 10000 100 0 200
Experiment 5cst_ligand -3.500292 48 5 6 37 10000 100 0 200
Experiment 5cst_ligand 18.159899 100 6 6 37 10000 100 0 200
Experiment 5cst_ligand -1.770256 100 7 6 37 10000 100 0 200
Experiment 5cst_ligand -2.585975 100 8 6 37 10000 100 0 200
Experiment 5cst_ligand -0.905355 100 9 6 37 10000 100 0 200
Experiment 5cst_ligand -0.927075 100 0 6 37 10000 100 0 250
Experiment 5cst_ligand -0.797924 100 1 6 37 10000 100 0 250
Experiment 5cst_ligand -1.769723 100 2 6 37 10000 100 0 250
Experiment 5cst_ligand 24.268074 100 3 6 37 10000 100 0 250
Experiment 5cst_ligand -1.067298 100 4 6 37 10000 100 0 250
Experiment 5cst_ligand -3.500292 48 5 6 37 10000 100 0 250
Experiment 5cst_ligand 18.159899 100 6 6 37 10000 100 0 250
Experiment 5cst_ligand -1.770256 100 7 6 37 10000 100 0 250
Experiment 5cst_ligand -2.585975 100 8 6 37 10000 100 0 250
Experiment 5cst_ligand -0.905355 100 9 6 37 10000 100 0 250
Experiment 5cst_ligand -0.927075 100 0 6 37 10000 100 0 300
Experiment 5cst_ligand -0.797924 100 1 6 37 10000 100 0 300
Experiment 5cst_ligand -1.769723 100 2 6 37 10000 100 0 300
Experiment 5cst_ligand 24.268074 100 3 6 37 10000 100 0 300
Experiment 5cst_ligand -1.067298 100 4 6 37 10000 100 0 300
Experiment 5cst_ligand -3.500292 48 5 6 37 10000 100 0 300
Experiment 5cst_ligand 18.159899 100 6 6 37 10000 100 0 300
Experiment 5cst_ligand -1.770256 100 7 6 37 10000 100 0 300
Experiment 5cst_ligand -2.585975 100 8 6 37 10000 100 0 300
Experiment 5cst_ligand -0.905355 100 9 6 37 10000 100 0 300
Experiment 5cst_ligand -0.927075 100 0 6 37 10000 100 0 50
Experiment 5cst_ligand -0.797924 100 1 6 37 10000 100 0 50
Experiment 5cst_ligand -1.769723 100 2 6 37 10000 100 0 50
Experiment 5cst_ligand 24.268074 100 3 6 37 10000 100 0 50
Experiment 5cst_ligand -1.067298 100 4 6 37 10000 100 0 50
Experiment 5cst_ligand -3.500292 48 5 6 37 10000 100 0 50
Experiment 5cst_ligand 18.159899 100 6 6 37 10000 100 0 50
Experiment 5cst_ligand -1.770256 100 7 6 37 10000 100 0 50
Experiment 5cst_ligand -2.585975 100 8 6 37 10000 100 0 50
Experiment 5cst_ligand -0.905355 100 9 6 37 10000 100 0 50
Experiment 5cst_ligand -3.618784 10 0 6 37 1010000 100 100 100
Experiment 5cst_ligand -2.196742 100 1 6 37 1010000 100 100 100
Experiment 5cst_ligand -3.314685 19 2 6 37 1010000 100 100 100
Experiment 5cst_ligand -2.835889 100 3 6 37 1010000 100 100 100
Experiment 5cst_ligand -3.790044 6 4 6 37 1010000 100 100 100
Experiment 5cst_ligand -3.593037 8 5 6 37 1010000 100 100 100
Experiment 5cst_ligand -5.575755 8 6 6 37 1010000 100 100 100
Experiment 5cst_ligand -5.123018 5 7 6 37 1010000 100 100 100
Experiment 5cst_ligand -4.071532 10 8 6 37 1010000 100 100 100
Experiment 5cst_ligand -3.264057 100 9 6 37 1010000 100 100 100
Experiment 5cst_ligand -4.608800 6 0 6 37 1510000 100 100 150
Experiment 5cst_ligand -2.216654 100 1 6 37 1510000 100 100 150
Experiment 5cst_ligand -3.479337 16 2 6 37 1510000 100 100 150
Experiment 5cst_ligand -4.801818 6 3 6 37 1510000 100 100 150
Experiment 5cst_ligand -3.415636 6 4 6 37 1510000 100 100 150
Experiment 5cst_ligand -4.109638 8 5 6 37 1510000 100 100 150
Experiment 5cst_ligand -5.527685 6 6 6 37 1510000 100 100 150
Experiment 5cst_ligand -5.141338 5 7 6 37 1510000 100 100 150
Experiment 5cst_ligand -3.962018 6 8 6 37 1510000 100 100 150
Experiment 5cst_ligand -3.296922 100 9 6 37 1510000 100 100 150
Experiment 5cst_ligand -3.887625 6 0 6 37 2010000 100 100 200
Experiment 5cst_ligand -3.158916 100 1 6 37 2010000 100 100 200
Experiment 5cst_ligand -3.436377 16 2 6 37 2010000 100 100 200
Experiment 5cst_ligand -2.804339 100 3 6 37 2010000 100 100 200
Experiment 5cst_ligand -4.062079 6 4 6 37 2010000 100 100 200
Experiment 5cst_ligand -3.388519 8 5 6 37 2010000 100 100 200
Experiment 5cst_ligand -6.217798 6 6 6 37 2010000 100 100 200
Experiment 5cst_ligand -5.186695 5 7 6 37 2010000 100 100 200
Experiment 5cst_ligand -4.098299 5 8 6 37 2010000 100 100 200
Experiment 5cst_ligand -3.297143 100 9 6 37 2010000 100 100 200
Experiment 5cst_ligand -4.614257 5 0 6 37 2510000 100 100 250
Experiment 5cst_ligand -3.196509 100 1 6 37 2510000 100 100 250
Experiment 5cst_ligand -3.537474 12 2 6 37 2510000 100 100 250
Experiment 5cst_ligand -3.445321 30 3 6 37 2510000 100 100 250
Experiment 5cst_ligand -4.108585 5 4 6 37 2510000 100 100 250
Experiment 5cst_ligand -4.906963 6 5 6 37 2510000 100 100 250
Experiment 5cst_ligand -6.800084 5 6 6 37 2510000 100 100 250
Experiment 5cst_ligand -5.330761 5 7 6 37 2510000 100 100 250
Experiment 5cst_ligand -4.180172 5 8 6 37 2510000 100 100 250
Experiment 5cst_ligand -3.328456 8 9 6 37 2510000 100 100 250
Experiment 5cst_ligand -4.938037 5 0 6 37 3010000 100 100 300
Experiment 5cst_ligand -3.248087 5 1 6 37 3010000 100 100 300
Experiment 5cst_ligand -5.315597 5 2 6 37 3010000 100 100 300
Experiment 5cst_ligand 139.763733 100 3 6 37 3010000 100 100 300
Experiment 5cst_ligand -3.993247 5 4 6 37 3010000 100 100 300
Experiment 5cst_ligand -3.626113 6 5 6 37 3010000 100 100 300
Experiment 5cst_ligand -6.488698 5 6 6 37 3010000 100 100 300
Experiment 5cst_ligand -5.142857 5 7 6 37 3010000 100 100 300
Experiment 5cst_ligand -4.339541 5 8 6 37 3010000 100 100 300
Experiment 5cst_ligand -3.511622 8 9 6 37 3010000 100 100 300
Experiment 5cst_ligand -3.492437 16 0 6 37 510000 100 100 50
Experiment 5cst_ligand -1.935842 100 1 6 37 510000 100 100 50
Experiment 5cst_ligand -1.866616 100 2 6 37 510000 100 100 50
Experiment 5cst_ligand -4.154490 10 3 6 37 510000 100 100 50
Experiment 5cst_ligand -3.718535 16 4 6 37 510000 100 100 50
Experiment 5cst_ligand -3.336213 18 5 6 37 510000 100 100 50
Experiment 5cst_ligand -3.352684 24 6 6 37 510000 100 100 50
Experiment 5cst_ligand -4.610202 5 7 6 37 510000 100 100 50
Experiment 5cst_ligand -3.365912 18 8 6 37 510000 100 100 50
Experiment 5cst_ligand -3.245481 100 9 6 37 510000 100 100 50
Experiment 5cst_ligand -3.381928 12 0 6 37 260000 100 25 100
Experiment 5cst_ligand -1.950797 100 1 6 37 260000 100 25 100
Experiment 5cst_ligand -3.436272 10 2 6 37 260000 100 25 100
Experiment 5cst_ligand 3086.337891 100 3 6 37 260000 100 25 100
Experiment 5cst_ligand -4.483116 8 4 6 37 260000 100 25 100
Experiment 5cst_ligand -3.654389 8 5 6 37 260000 100 25 100
Experiment 5cst_ligand -4.441274 10 6 6 37 260000 100 25 100
Experiment 5cst_ligand -3.614227 13 7 6 37 260000 100 25 100
Experiment 5cst_ligand -3.352459 16 8 6 37 260000 100 25 100
Experiment 5cst_ligand -3.326238 70 9 6 37 260000 100 25 100
Experiment 5cst_ligand -3.385230 13 0 6 37 380000 100 25 150
Experiment 5cst_ligand -1.847722 100 1 6 37 380000 100 25 150
Experiment 5cst_ligand -3.828982 8 2 6 37 380000 100 25 150
Experiment 5cst_ligand 3075.535156 100 3 6 37 380000 100 25 150
Experiment 5cst_ligand -4.494598 5 4 6 37 380000 100 25 150
Experiment 5cst_ligand -3.344420 16 5 6 37 380000 100 25 150
Experiment 5cst_ligand -4.420941 8 6 6 37 380000 100 25 150
Experiment 5cst_ligand -3.110598 100 7 6 37 380000 100 25 150
Experiment 5cst_ligand -3.980287 9 8 6 37 380000 100 25 150
Experiment 5cst_ligand -3.314580 100 9 6 37 380000 100 25 150
Experiment 5cst_ligand -4.286476 10 0 6 37 510000 100 25 200
Experiment 5cst_ligand -2.290804 100 1 6 37 510000 100 25 200
Experiment 5cst_ligand -3.163837 100 2 6 37 510000 100 25 200
Experiment 5cst_ligand 3065.225098 100 3 6 37 510000 100 25 200
Experiment 5cst_ligand -4.304619 6 4 6 37 510000 100 25 200
Experiment 5cst_ligand -3.340543 14 5 6 37 510000 100 25 200
Experiment 5cst_ligand -5.950957 6 6 6 37 510000 100 25 200
Experiment 5cst_ligand -3.144655 100 7 6 37 510000 100 25 200
Experiment 5cst_ligand -4.104715 6 8 6 37 510000 100 25 200
Experiment 5cst_ligand -3.326005 100 9 6 37 510000 100 25 200
Experiment 5cst_ligand -4.505594 6 0 6 37 630000 100 25 250
Experiment 5cst_ligand -3.183929 100 1 6 37 630000 100 25 250
Experiment 5cst_ligand -3.143084 100 2 6 37 630000 100 25 250
Experiment 5cst_ligand 2517.076416 100 3 6 37 630000 100 25 250
Experiment 5cst_ligand -3.937302 6 4 6 37 630000 100 25 250
Experiment 5cst_ligand -4.152366 6 5 6 37 630000 100 25 250
Experiment 5cst_ligand -6.646706 5 6 6 37 630000 100 25 250
Experiment 5cst_ligand -3.444628 13 7 6 37 630000 100 25 250
Experiment 5cst_ligand -4.119397 5 8 6 37 630000 100 25 250
Experiment 5cst_ligand -3.326288 31 9 6 37 630000 100 25 250
Experiment 5cst_ligand -3.738309 6 0 6 37 760000 100 25 300
Experiment 5cst_ligand -3.177915 100 1 6 37 760000 100 25 300
Experiment 5cst_ligand -3.181019 100 2 6 37 760000 100 25 300
Experiment 5cst_ligand 2485.630859 100 3 6 37 760000 100 25 300
Experiment 5cst_ligand -3.851451 5 4 6 37 760000 100 25 300
Experiment 5cst_ligand -3.682878 6 5 6 37 760000 100 25 300
Experiment 5cst_ligand -3.785737 6 6 6 37 760000 100 25 300
Experiment 5cst_ligand -4.259096 8 7 6 37 760000 100 25 300
Experiment 5cst_ligand -3.939644 5 8 6 37 760000 100 25 300
Experiment 5cst_ligand -3.315804 100 9 6 37 760000 100 25 300
Experiment 5cst_ligand -3.649706 8 0 6 37 130000 100 25 50
Experiment 5cst_ligand -2.181043 100 1 6 37 130000 100 25 50
Experiment 5cst_ligand -3.346008 14 2 6 37 130000 100 25 50
Experiment 5cst_ligand 2446.802979 100 3 6 37 130000 100 25 50
Experiment 5cst_ligand -3.427141 14 4 6 37 130000 100 25 50
Experiment 5cst_ligand -4.364181 10 5 6 37 130000 100 25 50
Experiment 5cst_ligand -3.641809 37 6 6 37 130000 100 25 50
Experiment 5cst_ligand -3.512430 18 7 6 37 130000 100 25 50
Experiment 5cst_ligand -4.202642 18 8 6 37 130000 100 25 50
Experiment 5cst_ligand -2.745060 100 9 6 37 130000 100 25 50
Experiment 5cst_ligand -3.222429 100 0 6 37 510000 100 50 100
Experiment 5cst_ligand -1.686961 100 1 6 37 510000 100 50 100
Experiment 5cst_ligand -3.484869 21 2 6 37 510000 100 50 100
Experiment 5cst_ligand 1973.227661 100 3 6 37 510000 100 50 100
Experiment 5cst_ligand -4.465347 6 4 6 37 510000 100 50 100
Experiment 5cst_ligand -2.649662 100 5 6 37 510000 100 50 100
Experiment 5cst_ligand -5.855284 10 6 6 37 510000 100 50 100
Experiment 5cst_ligand -3.721487 12 7 6 37 510000 100 50 100
Experiment 5cst_ligand -4.109166 6 8 6 37 510000 100 50 100
Experiment 5cst_ligand -3.319733 100 9 6 37 510000 100 50 100
Experiment 5cst_ligand -4.342004 8 0 6 37 760000 100 50 150
Experiment 5cst_ligand -3.394564 22 1 6 37 760000 100 50 150
Experiment 5cst_ligand -4.497343 6 2 6 37 760000 100 50 150
Experiment 5cst_ligand -5.811322 22 3 6 37 760000 100 50 150
Experiment 5cst_ligand -3.854887 8 4 6 37 760000 100 50 150
Experiment 5cst_ligand -3.462730 8 5 6 37 760000 100 50 150
Experiment 5cst_ligand -3.695652 6 6 6 37 760000 100 50 150
Experiment 5cst_ligand -3.846088 10 7 6 37 760000 100 50 150
Experiment 5cst_ligand -4.125062 8 8 6 37 760000 100 50 150
Experiment 5cst_ligand -3.326145 99 9 6 37 760000 100 50 150
Experiment 5cst_ligand -3.514853 5 0 6 37 1010000 100 50 200
Experiment 5cst_ligand -3.182465 100 1 6 37 1010000 100 50 200
Experiment 5cst_ligand -5.033244 5 2 6 37 1010000 100 50 200
Experiment 5cst_ligand 2251.637207 100 3 6 37 1010000 100 50 200
Experiment 5cst_ligand -3.653852 6 4 6 37 1010000 100 50 200
Experiment 5cst_ligand -3.543379 8 5 6 37 1010000 100 50 200
Experiment 5cst_ligand -6.620539 6 6 6 37 1010000 100 50 200
Experiment 5cst_ligand -3.330739 6 7 6 37 1010000 100 50 200
Experiment 5cst_ligand -4.131784 6 8 6 37 1010000 100 50 200
Experiment 5cst_ligand -3.326255 36 9 6 37 1010000 100 50 200
Experiment 5cst_ligand -4.295620 6 0 6 37 1260000 100 50 250
Experiment 5cst_ligand -3.020070 100 1 6 37 1260000 100 50 250
Experiment 5cst_ligand -5.190204 5 2 6 37 1260000 100 50 250
Experiment 5cst_ligand 2236.022217 100 3 6 37 1260000 100 50 250
Experiment 5cst_ligand -3.972959 6 4 6 37 1260000 100 50 250
Experiment 5cst_ligand -3.519173 8 5 6 37 1260000 100 50 250
Experiment 5cst_ligand -6.501603 5 6 6 37 1260000 100 50 250
Experiment 5cst_ligand -4.808875 5 7 6 37 1260000 100 50 250
Experiment 5cst_ligand -4.000538 5 8 6 37 1260000 100 50 250
Experiment 5cst_ligand -3.326000 31 9 6 37 1260000 100 50 250
Experiment 5cst_ligand -4.728486 6 0 6 37 1510000 100 50 300
Experiment 5cst_ligand -3.229214 100 1 6 37 1510000 100 50 300
Experiment 5cst_ligand -5.229804 5 2 6 37 1510000 100 50 300
Experiment 5cst_ligand 2230.916260 100 3 6 37 1510000 100 50 300
Experiment 5cst_ligand -3.993247 5 4 6 37 1510000 100 50 300
Experiment 5cst_ligand -3.574160 8 5 6 37 1510000 100 50 300
Experiment 5cst_ligand -6.807796 5 6 6 37 1510000 100 50 300
Experiment 5cst_ligand -3.828423 6 7 6 37 1510000 100 50 300
Experiment 5cst_ligand -4.114026 5 8 6 37 1510000 100 50 300
Experiment 5cst_ligand -3.323097 100 9 6 37 1510000 100 50 300
Experiment 5cst_ligand -3.338747 12 0 6 37 260000 100 50 50
Experiment 5cst_ligand -1.672795 100 1 6 37 260000 100 50 50
Experiment 5cst_ligand -3.338829 42 2 6 37 260000 100 50 50
Experiment 5cst_ligand 2145.953857 100 3 6 37 260000 100 50 50
Experiment 5cst_ligand -3.351509 12 4 6 37 260000 100 50 50
Experiment 5cst_ligand -3.098251 100 5 6 37 260000 100 50 50
Experiment 5cst_ligand -3.796293 16 6 6 37 260000 100 50 50
Experiment 5cst_ligand -3.612703 14 7 6 37 260000 100 50 50
Experiment 5cst_ligand -3.339095 20 8 6 37 260000 100 50 50
Experiment 5cst_ligand -3.319193 100 9 6 37 260000 100 50 50
Experiment 5cst_ligand -4.289302 7 0 6 37 760000 100 75 100
Experiment 5cst_ligand -1.960553 100 1 6 37 760000 100 75 100
Experiment 5cst_ligand -3.343019 18 2 6 37 760000 100 75 100
Experiment 5cst_ligand 3058.984863 100 3 6 37 760000 100 75 100
Experiment 5cst_ligand -4.001314 6 4 6 37 760000 100 75 100
Experiment 5cst_ligand -2.643763 100 5 6 37 760000 100 75 100
Experiment 5cst_ligand -5.131218 8 6 6 37 760000 100 75 100
Experiment 5cst_ligand -5.121951 5 7 6 37 760000 100 75 100
Experiment 5cst_ligand -4.247453 9 8 6 37 760000 100 75 100
Experiment 5cst_ligand -3.319981 100 9 6 37 760000 100 75 100
Experiment 5cst_ligand -6.374896 6 0 6 37 1130000 100 75 150
Experiment 5cst_ligand -3.340441 25 1 6 37 1130000 100 75 150
Experiment 5cst_ligand -3.328629 14 2 6 37 1130000 100 75 150
Experiment 5cst_ligand 2218.819336 100 3 6 37 1130000 100 75 150
Experiment 5cst_ligand -3.580333 6 4 6 37 1130000 100 75 150
Experiment 5cst_ligand -3.547344 8 5 6 37 1130000 100 75 150
Experiment 5cst_ligand -5.861750 6 6 6 37 1130000 100 75 150
Experiment 5cst_ligand -5.152572 5 7 6 37 1130000 100 75 150
Experiment 5cst_ligand -3.962018 6 8 6 37 1130000 100 75 150
Experiment 5cst_ligand -3.324030 100 9 6 37 1130000 100 75 150
Experiment 5cst_ligand -2.372823 100 0 6 37 1510000 100 75 200
Experiment 5cst_ligand -3.197501 100 1 6 37 1510000 100 75 200
Experiment 5cst_ligand -4.659903 5 2 6 37 1510000 100 75 200
Experiment 5cst_ligand 2493.293457 100 3 6 37 1510000 100 75 200
Experiment 5cst_ligand -3.868471 6 4 6 37 1510000 100 75 200
Experiment 5cst_ligand -3.412764 6 5 6 37 1510000 100 75 200
Experiment 5cst_ligand -6.312939 6 6 6 37 1510000 100 75 200
Experiment 5cst_ligand -5.236974 5 7 6 37 1510000 100 75 200
Experiment 5cst_ligand -4.120139 5 8 6 37 1510000 100 75 200
Experiment 5cst_ligand -3.427901 5 9 6 37 1510000 100 75 200
Experiment 5cst_ligand -5.518339 8 0 6 37 1880000 100 75 250
Experiment 5cst_ligand -3.180962 100 1 6 37 1880000 100 75 250
Experiment 5cst_ligand -5.261356 5 2 6 37 1880000 100 75 250
Experiment 5cst_ligand 2489.733887 100 3 6 37 1880000 100 75 250
Experiment 5cst_ligand -3.975794 5 4 6 37 1880000 100 75 250
Experiment 5cst_ligand -3.526897 8 5 6 37 1880000 100 75 250
Experiment 5cst_ligand -6.817697 5 6 6 37 1880000 100 75 250
Experiment 5cst_ligand -5.333495 5 7 6 37 1880000 100 75 250
Experiment 5cst_ligand -4.377948 5 8 6 37 1880000 100 75 250
Experiment 5cst_ligand -3.320698 100 9 6 37 1880000 100 75 250
Experiment 5cst_ligand -3.489318 6 0 6 37 2260000 100 75 300
Experiment 5cst_ligand -3.110351 100 1 6 37 2260000 100 75 300
Experiment 5cst_ligand -5.247179 5 2 6 37 2260000 100 75 300
Experiment 5cst_ligand 2485.979248 100 3 6 37 2260000 100 75 300
Experiment 5cst_ligand -4.030031 5 4 6 37 2260000 100 75 300
Experiment 5cst_ligand -3.705760 6 5 6 37 2260000 100 75 300
Experiment 5cst_ligand -6.670163 5 6 6 37 2260000 100 75 300
Experiment 5cst_ligand -5.130288 5 7 6 37 2260000 100 75 300
Experiment 5cst_ligand -4.193953 5 8 6 37 2260000 100 75 300
Experiment 5cst_ligand -3.862070 6 9 6 37 2260000 100 75 300
Experiment 5cst_ligand -4.516191 8 0 6 37 380000 100 75 50
Experiment 5cst_ligand -1.672560 100 1 6 37 380000 100 75 50
Experiment 5cst_ligand -3.328791 37 2 6 37 380000 100 75 50
Experiment 5cst_ligand -4.088742 12 3 6 37 380000 100 75 50
Experiment 5cst_ligand -3.428342 14 4 6 37 380000 100 75 50
Experiment 5cst_ligand -2.225131 100 5 6 37 380000 100 75 50
Experiment 5cst_ligand -0.357693 100 6 6 37 380000 100 75 50
Experiment 5cst_ligand -4.625819 6 7 6 37 380000 100 75 50
Experiment 5cst_ligand -3.402989 10 8 6 37 380000 100 75 50
Experiment 5cst_ligand -3.326309 78 9 6 37 380000 100 75 50
